模式	频数
3,2,12	239
7,4,3,0,8,2	29
11,3,0,2	136
11,5,4,3,8,2,12	22
11,1,5,6,3,0,8	23
11,5,6,8,2	75
11,5,4,6,10,8,2	17
9,6,3,8,2,12	34
11,1,5,7,6,3,8	23
11,3,0,8	129
11,6,3,8,2,12	33
1,4,6,10,0,8,2	22
11,1,5,6,3,0,2	24
11,1,5,7,6,3,2	20
11,4,6,3,10,2,12	18
1,4,3,0,8,2,12	24
5,7,6,3,0,2	39
5,6,3,0	141
1,7,3,8,2,12	27
1,5,9,7,3,8,12	17
1,7,10,8,2,12	27
5,7,6,3,0,8	29
11,5,4,10,8,2,12	19
9,6,10,8,2,12	29
11,6,3,10,8	65
1,6,10,0,2	72
1,7,6,0,8,12	28
9,7,4,8,12	52
7,4,10,0,8,2	27
11,1,5,7,6,3,0	21
11,6,3,10,2	58
1,9,4,10	127
11,5,4,6,0,8,12	17
1,9,4,12	119
11,6,3,10,0	63
1,6,0,2,12	72
11,9,7,10,2,12	30
11,7,4,0,2	68
5,4,6,3,2,12	36
11,5,7,6,0,8,2	22
5,9,3,0,2	77
5,9,3,0,8	59
1,9,3,10,12	56
0	948
1,5,7,3,0	70
1	993
11,4,6,3,10,0,12	17
5,3,10,0,2,12	39
9,7,4,6,12	60
2	935
1,5,7,3,2	71
4,6,3,10,0,2,12	17
3	974
4	979
5	990
1,9,7,10	118
6	978
1,9,7,12	116
1,4,6,3,0,8,2	25
7	989
8	937
1,6,10,0,8	71
1,5,7,3,8	60
9	990
11,9,4,6,3,0,8	22
11,9,0,2,12	68
5,4,6,0,8,2,12	19
11,1,3,10,12	65
11,9,4,6,3,0,2	19
1,9,4,0,8,2	40
5,6,3,8	130
9,0,8,2,12	61
11,9,7,3,8,2	38
11,7,6,0,8,2,12	19
4,3,0,2	131
11,4,3,8,2	72
5,6,3,2	143
11,4,10,0,12	65
11,6,10,8,2,12	27
11,1,5,9,4,0,8,12	16
1,5,7,4,0	65
4,3,0,8	112
9,7,4,6,10	62
1,5,7,4,2	68
1,7,6,10,8,2	29
1,9,6,12	116
1,5,7,4,3	58
11,9,10,0,2	66
5,4,6,3,10,8,2	17
1,5,7,4,6	64
1,5,7,4,8	58
1,9,6,10	128
11,9,10,0,8	68
11,7,4,0,8	61
11,9,7,10,0,12	35
11,1,5,3,0,12	39
11,5,9,7,6,12	29
11,1,9,6,10,8,12	16
11,5,9,7,6,10	24
5,4,6,3,8,12	29
11,1,9,12	128
11,1,9,10	136
11,5,10,2	139
11,5,10,8	124
11,7,3,10,2,12	25
1,7,3,0,12	61
11,5,10,0	143
11,5,4,0,8,12	35
7,4,6,3,10,8	28
11,7,4,3,2	66
1,4,6,10,8,12	34
11,7,4,3,0	64
11,5,9,6,3,0,12	17
11,4,10,2,12	66
11,9,4,3,10,12	27
9,3,0,8,12	54
5,7,4,6,10,12	23
9,7,4,3,10	51
7,6,10,8	117
9,7,4,3,12	55
1,9,8,12	115
7,6,10,0	119
7,4,6,3,10,2	21
3,8,12	207
7,4,6,3,10,0	26
7,6,10,2	112
11,5,9,0,8,2	35
1,5,9,6,0,2,12	21
1,4,6,10,0	73
7,10,0	235
1,4,6,10,2	66
11,5,9,7,8,12	31
6,3,10,0	129
11,3,0,8,2	68
11,1,7,12	128
9,7,3,10,8,12	16
7,10,2	216
1,4,6,10,8	74
7,10,8	243
11,1,7,10	141
1,5,9,6,10,0,8	16
9,7,4,2,12	57
11,5,4,10,8,2	33
6,3,10,8,12	54
6,3,10,2	108
1,7,3,2,12	62
11,5,7,10,12	66
11,7,3,10,0,12	32
11,7,4,3,8	68
6,3,10,8	122
11,9,0,8,12	58
9,6,3,0,8,2,12	20
11,1,5,7,6,0,8	18
11,1,5,7,6,0,2	19
11,1,8,12	110
9,4,3,8,12	50
1,5,7,0,2	72
11,5,9,6,3,2,12	17
1,9,7,3,10,0	26
11,1,5,3,0,8,2,12	16
1,9,7,3,10,2	18
1,5,7,0,8	61
5,6,8,2	132
1,9,7,3,10,8	20
11,1,7,4,10,2	33
11,7,4,6,8	65
7,4,0,8	119
5,9,4,0,2,12	30
11,10,2,12	123
11,1,7,4,10,0	35
11,7,4,6,2	63
11,5,4,6,10,0,8	22
7,4,0,2	123
11,7,4,6,3	73
11,7,4,6,0	63
11,9,7,6,10,0,8	19
11,5,9,7,6,0,12	18
5,6,3,10,12	57
11,9,10,8,2	56
11,1,7,4,10,8	33
11,1,5,4,6,0	38
11,1,7,4,10,0,2	17
11,1,5,4,6,2	37
11,5,7,3,10,12	29
11,9,7,6,10,0,2	19
11,1,5,4,6,3	41
9,7,4,6,8,2	28
11,1,5,4,6,8	36
5,3,0,2,12	81
11,5,4,0,2,12	42
11,1,7,4,0,2,12	22
11,3,8,2	121
5,9,10,0,12	56
4,3,8,2	127
5,6,3,0,8,2	44
1,3,10,12	115
4,10,0,12	117
1,4,6,3,8,2	40
9,7,6,3,0	60
1,6,10,8,2	61
9,6,3,0,2	70
9,7,6,3,2	64
11,1,4,3,0,8,2	25
11,5,4,10,0,8	39
11,1,5,9,4,0,8	22
5,3,0,8,2,12	41
11,9,4,10,0	71
11,9,3,10,0,8,2	20
9,6,3,0,8	66
11,5,4,10,0,2	35
5,7,6,3,8,2	40
11,9,4,10,2	61
9,7,6,3,8	64
11,6,8,2,12	58
9,0,2,12	121
11,1,5,9,4,0,2	24
5,9,4,10,0,8	27
9,10,0,8	120
1,9,4,6,0,8,2	19
11,9,4,10,8	66
11,1,7,0,8,12	35
9,10,0,2	109
5,9,7,3,10,12	25
11,1,5,6,3,8,2	22
11,5,9,7,2,12	34
5,9,4,10,0,2	25
5,4,3,8,12	57
5,4,6,3,10,0,8	17
11,5,9,7,4,10	31
11,7,4,8,2	58
5,4,6,3,10,0,2	20
11,5,9,7,6,2,12	16
11,1,5,9,4,3,8	20
5,9,3,8,2	61
9,10,0,8,12	58
5,10,8,2,12	58
5,0,2	265
11,9,4,6,3,8,2	21
11,5,9,7,3,12	35
7,4,3,2	123
11,5,9,7,3,10	29
5,7,4,0,12	66
11,10,0,12	133
7,4,3,0	113
5,0,8	229
1,5,9,7,3,2,12	18
11,4,10,8,12	67
11,9,7,4,6,10,0	16
11,7,4,6,8,2	30
1,5,9,7,3,0,12	20
1,7,6,10,0,8	29
11,1,9,4,6,3,0	22
5,3,10,0,8	59
4,10,2,12	114
1,7,6,10,0,2	35
11,9,7,4,6,10,8	17
11,9,7,3,0,2	39
11,1,9,4,6,3,8	24
11,9,7,3,0,8	36
11,1,9,4,6,3,2	21
11,1,5,4,3,0	47
1,5,9,7,10,12	29
5,3,10,0,2	70
11,1,5,4,3,2	49
1,5,7,0,8,2	40
1,5,9,4,6,10,8	20
11,1,5,9,4,3,2	24
1,7,6,0,2,12	33
11,1,5,9,4,3,0	23
11,1,5,4,3,8	38
5,4,6,3,0,2,12	24
11,5,9,7,4,12	36
11,7,4,6,3,0	34
9,7,3,10,2,12	17
9,7,6,0,2	68
11,7,4,6,3,8	42
11,7,4,6,3,2	34
9,7,6,0,8	66
11,1,5,7,6,8,2	23
1,7,3,8,12	48
5,3,10,0,8,12	31
9,3,10,8,2	51
9,10,0,2,12	52
1,5,7,4,6,2,12	19
5,7,10,12	112
7,4,3,8	119
11,10,0,8,2	65
11,1,5,4,6,10,12	18
1,5,7,6,0	64
1,4,6,10,0,12	36
1,5,7,6,2	72
1,5,7,6,3	65
5,7,6,10,0,12	28
5,3,0	270
11,1,4,6,3,10,0	24
10,0	491
5,3,2	259
11,1,4,6,3,10,2	21
10,2	442
1,5,7,6,8	63
1,5,9,6,8,2	35
5,3,8	239
11,1,4,6,3,10,8	27
11,1,5,6,10,0,12	18
10,8	466
5,4,3,0,12	62
3,0,8,2	126
11,1,5,10,8	61
1,7,4,6,10,8	33
9,7,3,10,0,12	26
7,4,6,8	120
11,1,5,10,0	77
11,1,5,10,2	74
11,1,5,4,8,2	42
11,1,9,4,6,0,2	17
11,0	512
5,4,0	252
11,1	516
5,4,3	258
11,2	504
5,4,2	251
11,3	504
11,1,9,4,6,0,8	24
6,8,2,12	118
11,4	515
11,5	510
1,5,4,6,8,12	30
11,6	498
5,4,6	252
11,7	516
11,8	469
5,4,8	247
11,9	528
1,3,8,2,12	66
11,5,4,10,0,2,12	21
11,1,7,10,8,2	30
9,4,10,0	125
11,1,4,8,2,12	39
9,4,10,2	109
9,0,8,12	110
1,4,6,10,2,12	35
1,5,7,8,2	72
5,7,6,10,12	48
1,6,0,8,12	64
11,5,4,6,0,2,12	24
11,9,7,6,0,2,12	21
5,7,6,10,2,12	25
1,7,4,6,10,0	31
5,4,3,2,12	65
7,4,6,3	132
9,4,10,8	120
7,4,6,2	123
11,5,9,7,0,12	40
7,4,6,0	121
1,7,4,6,10,2	32
5,9,4,3,10,2	21
5,9,7,10,0,2	22
5,9,4,3,10,0	29
5,9,4,3,10,8	22
5,6,0	258
5,6,3	258
1,4,6,3,0,8	40
9,6,3,0,2,12	37
1,5,4,6,2,12	42
5,6,2	268
5,9,10,8,12	43
1,5,9,6,3,0	34
5,6,8	242
1,4,6,3,0,2	37
5,9,7,10,0,8	26
1,5,6,0,12	64
5,7,4,6,10	59
1,5,6,3,10,0,12	22
5,7,4,6,12	58
1,5,9,6,3,2	39
4,10,8,12	113
5,9,4,10,12	47
5,7,0	243
5,7,2	255
1,5,9,6,3,8	37
5,7,4	255
5,7,3	251
1,5,4,6,3,12	32
5,7,6	246
5,7,8	249
1,5,4,6,3,10	38
5,9,7,4,0,8,12	18
5,9,7,0,2,12	33
5,7,6,3,10,12	22
1,5,9,4,3,0,12	20
5,0,8,2,12	68
9,6,3,8,2	67
9,10,8,2	106
11,9,7,4,10,0,12	17
7,4,8,2	105
9,7,6,3,2,12	34
11,5,9,10,8	54
11,1,7,4,0,8,12	19
11,1,5,6,10,0	40
11,1,5,6,10,2	34
11,5,9,10,2	62
11,5,9,10,0	68
11,1,5,6,10,8	34
5,8,2	249
11,7,4,6,0,8	30
5,3,10,8,2	54
5,7,3,0,2,12	36
11,1,9,3,10,2,12	16
11,1,5,10,0,2,12	22
1,5,6,2,12	73
5,7,4,8,12	57
9,6,3,10,0,8	29
11,6,3,0,8,2,12	20
1,5,6,3,10,2,12	18
11,7,4,6,0,2	33
5,9,0	237
5,9,2	247
11,3,10,12	126
1,9,3,0,2	73
5,9,4	235
5,9,3	239
5,9,6	236
1,9,3,0,8	68
5,7,6,3,8,2,12	17
11,1,3,0,8	71
5,9,8	222
5,9,7	249
1,9,7,4,8,2,12	16
11,1,3,0,2	72
5,7,6,10,0,8,2	17
1,5,9,4,3,2,12	22
9,6,3,10,0,2	28
1,5,6,3,10	66
1,5,6,3,12	65
9,7,6,8,2	67
5,7,4,3,10	58
5,7,4,3,12	56
11,1,4,6,8,2,12	17
9,7,6,3,8,12	27
11,7,3,0,12	58
11,9,4,0,8,2,12	17
11,9,8,12	102
11,1,5,9,4,6,3	19
11,1,5,9,4,6,0	18
5,7,4,2,12	67
11,9,4,10,8,2	27
11,5,7,4,0,8,12	19
1,5,9,10,0,2,12	17
11,1,9,3,10,0,12	18
5,7,3,0,8,12	25
11,4,6,10,8	73
11,4,6,10,2	65
9,6,10,8,12	55
4,6,0,8,2	65
11,4,6,10,0	72
1,5,10,0	130
11,9,7,4,3,8,2	20
11,9,4,3,10,8,2	18
5,7,3,10,0,8	24
1,5,10,8	117
5,7,3,10,0,2	29
1,5,10,2	124
5,4,6,10,0,2,12	18
5,9,4,3,0,8,2	25
1,5,9,6,0,8	32
9,4,6,10,12	50
1,5,9,6,0,2	38
11,5,9,3,10,2,12	18
11,9,6,12	112
7,4,3,10,0	51
11,1,5,4,0,2	45
11,7,3,2,12	57
11,9,6,10	118
11,1,7,10,0,8	34
11,1,5,9,4,8,2	17
5,9,10,2,12	54
11,1,5,4,0,8	42
7,4,3,10,8	55
7,4,3,10,2	46
1,5,4,6,0,12	35
9,6,3,0,8,12	31
11,1,5,10,0,8,12	20
11,7,6,10,8,12	24
11,1,4,3,10,0	41
11,1,4,3,10,2	43
11,9,4,3,0,8,12	17
11,1,4,3,10,8	43
11,1,7,10,0,2	36
5,3,0,8,12	61
11,9,4,0,8,12	30
11,1,5,9,4,6,8	18
5,9,7,4,0,2,12	17
11,9,7,12	131
11,5,7,0,8	63
6,10,12	228
11,9,7,10	137
5,4,3,10,8,12	27
11,1,9,6,8,12	33
11,1,7,0,2,12	40
5,7,4,3,8,12	26
11,5,7,0,2	68
1,3,0,2	139
11,1,5,9,3,0,12	23
11,6,10,0,8	70
11,1,5,12	124
5,9,4,8,2,12	26
1,3,10,0,2	60
11,1,5,10	138
11,1,10,0,12	74
5,9,7,10,8,2	27
1,3,0,8	132
11,5,4,8,2,12	38
5,6,10,0,8,2	38
1,3,10,0,8,2	34
1,5,6,8,12	57
11,9,3,10,12	59
11,6,10,0,2	67
1,5,9,4,8,12	32
11,5,7,3,0	66
11,1,5,4,6,3,8	24
11,1,5,4,6,3,2	23
11,1,6,12	123
11,1,6,10	140
11,5,9,3,10,0,12	20
1,6,3,10,12	61
11,1,5,4,6,3,0	26
5,9,10,0	109
1,3,10,0,8	69
11,6,0,2,12	70
4,6,3,0,8,2,12	19
11,5,7,10,8,2	34
5,9,10,8	95
1,9,7,0,8,2	36
5,9,10,2	106
11,5,7,4,0	70
11,1,3,8,2	63
1,4,3,2,12	71
1,7,4,10,8,12	27
11,5,7,4,2	69
11,1,5,9,3,2,12	25
11,5,4,3,0,8,2	27
11,1,3,10	132
11,9,7,3,10,12	28
1,9,4,6,3,10,8	20
11,1,10,2,12	63
4,6,10,2	116
4,6,10,0	131
11,9,4,0,2,12	27
11,1,2,12	127
11,4,6,3,10,8,12	16
11,9,7,3,0,8,2	22
11,5,7,3,8	66
4,6,10,8	131
11,7,6,3,0,2,12	16
11,5,7,3,2	68
1,7,4,0,12	62
1,9,10,0,12	63
5,6,3,0,8	65
11,9,4,10,0,2	35
5,7,6,3,8	63
9,6,10,0,8,2	31
1,9,3,8,2	73
11,1,4,12	128
7,3,0,12	106
1,4,3,10,0,2,12	19
5,7,6,3,0	68
5,6,3,0,2	85
11,1,4,10	146
5,7,6,3,2	67
11,9,4,10,0,8	38
1,4,0,8,2,12	40
5,7,0,8,2,12	35
11,3,0,8,2,12	33
5,4,6,3,8,2,12	20
1,9,4,6,3,10,0	17
5,6,3,10,0,8,2	21
1,9,4,6,3,10,2	16
11,1,3,12	120
11,5,7,4,8	67
5,4,6,10,0,8,12	17
1,7,6,8,2,12	29
11,5,7,4,3	68
11,5,7,4,6	59
1,4,3,0,12	64
11,5,7,6,2	70
11,1,5,4,6,0,8	21
5,7,0,2	133
5,4,6,3,0,12	33
1,7,4,3,8,2	32
11,5,7,6,3	65
4,0,12	222
1,5,9,4,3,10	27
11,5,7,6,0	64
9,7,6,3,0,12	29
1,5,9,4,3,12	28
1,4,3,8,12	60
1,5,9,6,0,8,12	18
5,7,6,3,0,2,12	21
11,1,5,4,6,0,2	19
5,7,0,8	117
11,1,0,12	134
11,1,9,6,3,10	30
11,7,3,8,12	57
11,1,9,6,3,12	35
1,4,3,10,8,2	35
5,7,3,10,8,2	22
7,3,2,12	109
1,4,3,10,0,8,12	16
11,5,9,4,6,3,8	17
9,6,10,0,12	54
7,4,6,8,2,12	25
1,7,4,10,0,12	34
11,5,9,4,6,3,0	18
11,7,6,10,2,12	29
11,1,9,6,2,12	31
11,5,9,4,6,3,2	17
11,5,7,6,8	64
11,5,7,0,8,12	33
1,5,9,10,0,8,12	16
11,1,9,6,0,12	35
5,7,6,0,8	53
4,2,12	228
11,5,7,8,2	76
11,6,3,0,8,2	42
1,10,0,8,2	65
5,7,6,0,2	71
6,0,2,12	136
6,10,0,8	126
11,5,7,4,0,2,12	23
1,7,6,10,12	50
6,10,0,2	131
9,3,10,12	103
1,5,9,3,8,2,12	23
1,7,3,0,8,2	34
7,4,8,2,12	52
4,3,10	243
7,4,10,8,2,12	24
4,3,12	226
1,5,9,4,6,10	33
9,10,8,2,12	52
5,9,7,4,10,2	23
1,5,9,4,6,12	27
1,3,0,2,12	73
11,5,7,4,10,0,8	16
5,9,7,4,10,0	31
1,9,4,6,8,12	33
5,9,7,4,10,8	30
5,9,7,0,8,12	29
11,5,7,4,10,8	36
9,6,10,2,12	55
1,7,4,10,2,12	33
11,7,6,10,0,12	32
11,7,6,3,8,2	41
11,5,4,6,8,2,12	19
11,6,0,8,12	61
11,5,7,4,10,2	31
11,9,7,6,8,2,12	17
11,5,7,4,10,0	34
5,7,4,8	123
5,7,4,6	125
11,1,10,8,12	58
5,9,10,8,2	45
1,10,2,12	116
5,7,4,3	128
11,5,4,3,0,8	38
5,7,4,2	132
11,1,9,3,10,8	33
1,5,9,6,3,10	23
11,1,5,9,3,8,12	19
5,7,4,6,8	56
11,3,8,2,12	56
11,1,7,4,3,10,12	16
11,5,4,3,0,2	47
5,7,4,6,0	69
11,1,4,3,10,12	34
5,9,4,10,8	50
5,7,4,6,2	68
5,9,4,3,10,12	23
11,5,9,4,6,0,8	16
11,1,5,9,7,10,8	16
11,6,10,8,2	64
5,7,4,6,3	62
11,1,4,10,12	68
1,5,9,6,3,12	32
5,9,4,10,2	47
9,7,4,6,0,12	33
5,9,4,10,0	57
11,1,5,9,7,10,2	17
1,5,7,6,3,2,12	17
11,1,5,9,7,10,0	18
11,9,7,6,0,8,2	25
11,4,3,2	144
1,5,9,4,3,0,8	20
11,4,3,0	135
5,7,3,2	127
5,4,10,8,12	59
5,7,3,0	131
1,5,9,4,3,0,2	26
1,4,6,3,0,12	36
11,4,3,8	135
5,9,0,8,12	52
5,9,7,3,8,2	36
5,7,3,8	125
9,6,0,2,12	67
1,5,6,0,2	78
5,9,7,10,0,12	29
11,1,9,6,3,2,12	20
1,5,6,3,10,0,2	22
5,7,4,0	132
1,3,8,2	127
1,5,6,0,8	63
1,10,0,12	129
11,1,9,3,10,2	31
4,6,10	250
4,6,12	232
11,1,9,3,10,0	36
11,4,0,2	130
11,3,10,0,8,12	34
1,7,6,3,0,2	38
5,7,6,8	116
5,7,6,3	124
1,7,6,3,0,8	37
11,4,0,8	123
1,5,6,3,10,0,8	22
5,7,4,8,2	66
1,5,9,6,3,0,2,12	17
1,4,10,0,8,12	36
11,1,5,7,3,0,2,12	16
11,1,4,6,0,8,12	19
11,1,5,3,10,2,12	22
7,3,8,12	102
11,1,4,3,8,2,12	24
11,10,8,2,12	53
11,5,7,6,10,2	27
11,1,9,6,3,0,12	20
11,1,5,6,10,12	31
11,5,7,6,10,8	29
1,4,10,0,8,2,12	21
5,9,7,10,2,12	26
5,7,6,2	134
5,7,6,0	126
5,6,8,2,12	65
11,5,7,6,10,0	31
4,8,12	218
11,7,4,6,0,12	36
11,1,5,4,2,12	46
6,0,8,12	116
11,1,5,9,7,0,2,12	16
11,9,4,10,8,12	27
9,7,3,2,12	58
11,1,4,6,0,2,12	16
11,9,10,0,8,2,12	17
7,4,6,8,12	54
1,7,10,8,12	51
11,9,7,10,0,8,12	18
1,5,4,8,12	66
1,4,6,3,8,2,12	21
1,7,4,6,3,2,12	16
11,9,6,8,2,12	28
11,1,5,4,3,10	41
11,1,5,4,3,12	33
11,1,5,3,10,0,12	23
9,4,6,10,8	66
1,9,4,8,2,12	32
11,9,7,4,8,2	32
11,1,4,6,10,0,8	26
5,7,3,10,0,12	29
11,1,5,4,6,8,2	20
5,4,3,8,2	70
11,1,4,6,10,0,2	19
1,5,9,6,0,12	30
9,4,6,10,0	63
5,7,8,2	139
9,6,10,8,2	58
9,4,6,10,2	56
11,1,7,10,2,12	34
11,1,5,4,0,12	39
1,10,8,12	110
11,1,4,10,8,2,12	17
11,6,10,8	127
1,5,6,3,0,2,12	28
11,1,7,3,8,2	31
11,6,10,0	128
11,1,9,7,6,0,12	18
5,7,3,10,2,12	19
11,6,10,2	123
9,7,3,0,12	57
1,7,4,6,3,0,12	16
9,7,4,6,2,12	34
6,10,8,2	116
5,3,0,8,2	76
5,6,3,8,2,12	41
5,4,10,2,12	57
11,9,7,4,6,2	35
1,5,7,6,3,0,12	19
1,4,10,12	120
11,9,7,4,6,0	38
9,7,4,6,3,10	27
9,7,4,6,3,12	28
11,9,7,4,6,3	37
11,5,4,6,3,10,8	20
1,4,6,3,2,12	36
5,7,4,3,2	65
11,9,7,4,6,8	36
5,7,4,3,8	61
3,8,2,12	111
5,7,4,3,0	70
1,5,9,6,2,12	34
11,1,7,10,0,12	42
1,9,7,10,8,2	29
11,5,4,6,3,10,2	17
11,5,4,6,3,10,0	23
11,9,7,4,3,2	36
11,9,7,4,3,0	36
11,5,6,0,12	66
11,9,7,4,3,8	35
1,7,3,10,8,2	21
6,0,2	266
7,4,10,0,2,12	27
1,7,6,3,0,8,2	21
6,0,8	236
11,9,3,0,8,2	39
11,6,3,10,8,2	32
11,5,7,10,8,12	30
11,4,6,3,10,8,2	19
11,6,0,8,2,12	33
1,9,7,0,8,12	35
1,5,6,8,2	71
9,6,0,8,2,12	34
1,9,7,4,10,0	32
1,9,7,4,10,2	27
5,9,7,10,8,12	24
1,9,7,4,10,8	34
1,7,0,8,2,12	36
1,6,3,10,0	67
1,9,10,0,2	58
1,7,10,0,8,2	34
1,6,3,10,2	60
5,7,4,6,3,0,12	17
11,9,4,3,8,2	39
11,9,3,0,2	75
1,9,10,0,8	65
1,6,3,10,8	72
11,5,6,2,12	69
11,9,4,10,2,12	25
1,9,0,2,12	68
11,6,10,0,8,2	38
11,4,8,2	121
9,3,8,2,12	55
11,5,3,10,0,8,2	23
11,4,6,3,0,8,12	17
1,4,3,0,8	69
11,1,9,6,3,8,12	20
1,4,3,0,2	77
1,7,4,0,2	64
11,4,6,0,8,2,12	17
1,4,3,10,8,2,12	19
11,5,6,3,10	63
11,4,3,0,12	62
11,5,6,3,12	60
6,3,0	247
1,7,4,0,8	62
6,3,2	261
9,6,3,10,8,2	25
1,4,10,0,12	65
6,3,8	254
11,9,3,0,8	68
11,4,6,8	129
11,1,6,10,8	69
11,9,6,3,10,8	29
11,4,6,3	137
11,4,6,2	130
11,1,6,10,0	75
9,6,0,8,12	61
5,9,6,0,8,2	32
11,7,6,3,8,12	30
11,1,6,10,2	65
11,9,7,4,3,0,8	20
1,5,6,3,0	75
11,9,4,10,0,12	29
1,5,6,3,2	79
11,1,7,6,0,8,2	17
11,5,6,0,8,2	41
9,6,10,0,8,12	30
5,7,3,10,8,12	16
1,5,6,3,8	73
1,4,3,10,8,12	29
5,10,0,8,2	62
11,4,6,0	128
11,9,6,3,10,2	28
11,1,5,3,10,8,12	18
11,9,6,3,10,0	27
11,5,9,6,3,8,2	19
11,9,7,4,0,2	40
1,7,4,3,8,12	23
11,9,7,4,0,8	39
11,4,3,2,12	68
11,1,4,6,10,8,2	19
11,9,7,4,3,0,2	22
11,9,4,3,10,0,2	18
11,9,4,3,10,0,8	21
1,5,9,6,0,8,2	19
1,5,7,8,2,12	36
10,8,2,12	105
9,6,10,0,2	60
11,5,7,4,8,2,12	18
11,1,9,7,6,8,12	17
5,9,7,4,3,10,0	17
9,6,10,0,8	65
1,7,3,0,8,12	28
11,5,7,4,10,12	36
1,7,3,0,8,2,12	16
11,1,7,3,0,2	35
4,3,10,0,8,2	33
11,1,7,3,0,8	30
1,9,4,3,10,0	30
1,9,4,3,10,2	31
11,9,7,10,0,2,12	16
11,7,6,10,12	63
1,7,6,10,0	62
1,9,4,3,10,8	33
1,7,6,10,2	64
1,9,7,10,0,2	27
5,9,4,6,0,8,2	16
1,7,6,10,8	61
5,7,10,8,2,12	27
9,7,3,8,12	50
1,9,7,10,0,8	31
5,9,7,4,10,12	25
1,9,7,0,2,12	37
5,6,0,12	122
11,6,3,0,8,12	33
7,6,3,10,2,12	20
11,5,9,8,2,12	28
11,6,3,10,12	59
11,1,4,10,8,2	34
11,9,10,0,12	65
1,7,3,10,0,8	29
5,6,0,2,12	80
11,6,3,0,2,12	36
11,5,9,7,6,8,2	22
1,5,9,7,4,2	31
5,6,3,10	126
5,6,10,0,8	66
1,5,9,7,4,3	29
9,3,0,8	121
1,5,9,7,4,6	34
1,7,3,10,0,2	28
6,8,2	243
1,5,9,7,4,8	30
1,7,3,0,2,12	36
1,9,0,8,12	65
11,5,6,8,12	54
4,3,0,12	111
11,3,0,2,12	68
5,6,3,12	124
11,7,10,0,8,12	32
11,6,3,10,0,8	36
1,3,0,8,2	72
11,6,3,10,0,2	31
1,9,4,10,2	58
1,9,4,10,0	66
11,5,7,10,0,12	36
11,9,7,6,10,8	30
11,1,5,7,6,3,10	19
11,5,4,6,0,8,2	22
11,3,10,0,8	74
5,9,4,10,8,2	19
1,7,4,6,0	59
1,9,4,10,8	66
1,7,4,6,2	64
5,3,10,8,2,12	27
1,5,9,7,4,8,2	16
1,7,4,6,3	66
1,7,4,6,8	63
11,1,7,4,3,0,2	22
11,7,6,3,2,12	31
11,1,4,0,8	73
1,5,9,7,6,0	28
1,9,6,3,10,2,12	17
9,3,0,2	132
11,5,7,3,8,2	41
5,6,2,12	140
1,5,9,7,6,2	34
11,9,7,6,10,0	31
11,1,9,7,8,12	33
11,1,5,6,3,0,12	22
11,9,7,6,10,2	31
10	966
11	1010
11,1,4,0,2	72
11,3,10,0,2	66
12	925
1,6,8,2,12	61
11,9,10,2,12	59
11,1,9,0,8,2	40
11,1,4,3,10,0,8	24
11,10,8,12	113
11,1,4,3,10,0,2	24
1,9,10,8,2	56
4,3,2,12	122
1,5,9,7,6,3	27
11,9,4,3,0,2	38
7,4,6,3,0,8,2	18
11,9,3,8,2	68
1,5,9,7,6,8	36
9,6,10,0,2,12	27
11,7,4,0,12	69
5,7,10,0,8,12	26
1,5,4,0,8,2	44
7,4,10,0,8,12	28
11,1,5,6,3,2,12	20
11,5,7,10,2,12	32
1,7,6,3,10,12	18
11,1,4,3,0	77
1,7,4,8,2	57
1,5,7,4,6,0,12	16
11,1,4,0,8,12	41
5,9,3,10,12	53
11,1,4,3,0,2,12	23
5,6,10,0,2	69
11,9,4,3,0,8	39
1,4,10,8,12	60
1,6,10,0	133
1,5,9,7,8,2	36
1,4,3,8,2	78
11,1,9,7,6,12	30
11,4,3,8,12	64
1,6,10,8	131
11,1,9,7,6,10	29
1,6,10,2	127
1,5,9,7,0,8	29
1,5,9,7,0,2	30
5,7,4,6,0,2	37
11,7,4,2,12	62
1,5,9,3,0,8,2	23
5,7,3,0,12	59
11,5,4,10,0,8,12	19
11,1,4,3,2	81
11,5,9,6,3,0,2	18
11,5,9,7,6,3,2	17
5,7,4,6,0,8	30
11,1,4,3,8	78
11,1,5,7,6,0,12	19
11,5,9,7,6,3,8	20
9,3,10,0,2	55
9,10,0,8,2	55
7,6,10,12	105
9,3,10,0,8	58
5,10,0,8,2,12	33
1,4,3,10,0,12	32
11,4,10,12	135
1,9,7,4,0,8,2	21
1,5,7,3,10,8	24
1,7,4,3,0,12	29
11,7,4,3,12	64
11,7,4,3,10	73
5,7,6,10,8,12	17
7,10,12	230
1,5,7,3,10,0	35
1,4,10,2,12	67
5,7,6,3,0,8,2	20
1,5,7,3,10,2	33
1,4,0,2	132
11,1,4,6,3	75
11,5,7,4,3,10,8	17
1,5,9,6,8,2,12	17
11,1,4,6,2	61
9,10,0,12	121
11,1,4,6,0	69
6,3,10,12	113
1,4,0,8	131
1,7,4,3,0	59
11,5,7,4,3,10,0	20
1,7,4,3,2	70
11,5,7,4,3,10,2	16
1,4,3,10,2,12	35
1,7,4,3,8	60
1,5,7,10,12	55
5,9,4,0,8,12	30
11,3,0,8,12	61
11,9,4,10,12	60
11,1,5,7,6,2,12	17
1,5,9,7,3,8	32
5,7,3,2,12	60
11,3,10,0,8,2,12	16
1,5,9,7,3,0	33
3,10,0,8	119
3,0,2,12	128
1,5,9,7,4,6,0	16
1,5,9,7,3,2	32
5,6,8,12	108
11,0,8,2,12	61
1,5,9,7,4,6,2	18
11,5,4,3,10,12	36
5,4,6,10,2	61
11,5,9,3,10,8	24
11,7,6,3,0,12	29
3,10,0,2	113
1,5,9,7,4,6,8	18
1,7,4,3,2,12	32
1,5,9,7,4,0	31
5,4,6,10,8	69
11,5,9,3,10,2	30
11,5,9,3,10,0	36
10,0,8,2	113
5,4,6,10,0	72
11,1,4,6,8	71
11,5,7,10,0,8,2	20
11,1,5,9,4,2,12	22
11,1,4,10,0,8,2	21
11,1,9,7,0,12	45
1,5,6,3,0,8,12	22
9,7,4,6,8,12	28
11,1,4,8,2	71
9,10,2,12	107
11,1,4,10,0,2	38
4,3,8,12	105
9,7,4,0,12	62
11,1,7,4,3,8,2	20
7,4,0,8,2	63
11,7,4,6,12	67
6,10,0,8,12	61
11,9,10,8,12	53
11,7,4,6,10	70
11,1,7,4,10,0,12	20
5,3,8,2,12	67
11,1,7,4,10,2,12	18
11,1,4,0,2,12	37
11,5,7,3,0,8	33
11,1,5,6,3,8,12	17
7,4,0,12	116
11,5,7,3,0,2	39
5,7,4,6,3,2	31
1,5,9,4,3,8,2	21
1,5,9,7,4,0,2	18
5,7,4,6,3,0	38
11,1,4,3,0,8,12	23
11,3,10,8,2	60
1,5,9,7,4,0,8	16
5,7,4,6,3,8	33
9,3,8,2	126
1,5,6,3,10,8,2	18
5,0,12	233
11,1,4,0,8,2,12	22
9,6,3,10,12	46
7,4,3,12	111
7,4,3,10	114
11,1,5,9,7,0,8,12	17
1,5,9,7,4,3,0	21
1,5,9,7,4,3,2	16
11,1,7,6,3,10,8	17
9,3,0,2,12	66
1,5,9,7,4,3,8	16
5,9,7,3,0,2	38
11,9,4,6,10,0,8	20
11,1,7,6,3,10,0	16
11,9,4,6,10,0,2	17
11,9,3,10,0,8,12	17
11,7,4,8,12	61
11,1,4,3,10,8,2	23
5,9,7,3,0,8	34
11,1,5,9,4,3,12	18
11,9,7,10,8,12	30
1,4,3,0	131
1,5,9,10,0	54
7,4,6,0,8,2	30
1,4,3,2	147
1,5,9,10,2	58
7,4,2,12	117
1,4,3,8	137
1,5,9,10,8	51
11,5,9,7,6,0,8	16
5,6,10,8,2	62
1,5,9,4,10,2,12	18
11,1,5,3,2,12	39
1,9,6,3,10,8,12	16
5,2,12	256
1,4,6,8	132
11,1,5,7,10,0	40
1,4,6,3	139
1,4,6,2	127
11,1,5,7,10,2	39
11,9,7,4,10,12	34
6,3,10,2,12	60
11,1,5,7,10,8	31
11,1,9,4,6,3,10	20
11,1,9,4,6,3,12	18
11,5,9,7,4,8,12	18
9,4,10,12	104
11,3,10,0,2,12	33
0,8,2,12	117
5,7,3,8,12	55
3,0,8,12	109
11,1,4,6,3,10,12	17
5,3,10	246
5,3,12	241
10,12	466
5,4,3,0,8,2,12	24
5,7,4,6,8,2	30
11,9,4,3,8,2,12	18
9,7,6,10,12	51
5,4,6,3,0,8,2	26
9,4,3,2,12	62
11,1,5,3,8,12	32
11,1,9,7,4,10	33
1,4,6,0	126
5,4,10	253
11,1,9,7,4,12	35
11,1,5,9,4,0,12	22
5,4,12	235
11,10	526
11,12	479
11,7,3,10,8,12	27
6,3,10,0,12	61
5,6,0,8,12	55
9,10,8,12	103
11,1,5,10,12	69
1,5,6,0,8,2,12	19
11,1,9,7,3,12	33
11,1,9,7,3,10	26
11,9,6,0,8,2	41
7,4,6,10	121
5,7,10,0,2,12	30
1,4,10,0,2,12	34
7,4,6,12	118
11,1,7,3,10,12	31
11,1,4,10,0,8	41
9,4,3,0,12	52
11,7,6,0,8	60
1,9,7,8,2,12	34
11,9,4,6,0,8,12	16
1,4,8,2	133
3,10,8,2	98
5,6,10	239
11,1,9,7,2,12	36
5,6,12	230
11,7,6,0,2	70
11,1,9,4,6,0,12	19
11,5,4,3	141
11,5,4,2	141
11,1,0,8,2	66
11,5,4,0	136
1,5,7,4,10,0,2	19
5,9,7,4,0,8,2	21
11,1,7,6,12	61
11,5,4,8	125
11,5,4,6	124
11,1,7,6,10	69
1,9,6,3,10,0,8	18
5,7,10	245
11,5,4,3,10,2,12	20
11,5,4,3,8	70
1,5,7,4,0,2,12	23
5,7,12	242
11,1,5,9,7,12	35
7,4,8,12	105
1,4,6,0,8	66
1,4,6,0,2	64
1,5,9,6,0	63
1,5,9,6,2	71
1,5,9,6,3	62
7,4,6,10,0,12	27
1,5,9,6,8	67
5,8,12	219
11,1,5,9,8,12	33
11,1,4,6,3,10	44
11,1,5,9,6,12	28
1,5,4,6,3,2	37
11,1,4,6,3,12	33
1,5,4,6,3,0	40
5,3,10,8,12	50
11,5,4,6,0	67
11,5,4,6,3	69
11,5,4,6,2	69
11,5,7,3,10,0,8	16
9,10,2	219
11,7,4,10,8	73
1,9,3,10,8,12	27
9,10,0	244
1,5,4,6,3,8	41
11,9,7,4,10,0,2	18
1,9,7,6,3,2,12	18
1,5,9,7,0	58
9,6,3,8,12	57
1,5,9,7,2	61
11,7,4,10,2	64
1,5,9,7,3	58
1,5,9,7,4	58
11,7,4,10,0	71
1,5,9,7,6	67
9,10,8	232
11,5,9,10,0,8,12	19
11,1,7,8,12	54
1,5,9,7,8	66
11,9,7,4,10,0,8	21
11,9,4,6,3,10,8	17
1,9,3,0,12	69
5,9,10	220
11,1,9,7,0,8,2	24
5,9,12	220
11,5,7,3,10,0,2	17
11,1,5,9,7,10	34
11,7,0,8,12	59
7,6,0,8,2	64
11,5,3,2	144
11,1,4,6,2,12	33
11,5,3,0	145
1,9,6,3,10,0,2	17
11,1,9,6,3,2	42
11,5,3,8	123
11,1,9,6,3,0	37
1,5,9,8,2	60
11,4,8,2,12	63
1,5,9,4,6,8,2	17
5,7,4,6,3,8,2	18
11,5,7,3,0,2,12	20
11,1,9,6,3,8	41
11,9,7,8,2,12	29
1,5,9,3,0,12	37
11,5,4,6,8	63
1,9,6,3,0,2,12	26
11,1,5,9,6,10	30
11,9,4,0,8,2	37
7,6,0,2	132
11,5,4,8,2	69
11,1,5,9,4,6,10	18
11,5,0,8	125
4,3,8,2,12	60
9,7,3,0,8,2,12	17
11,5,0,2	144
7,6,0,8	114
9,7,6,8,12	54
7,4,6,3,0,8	31
11,7,3,8,2,12	26
5,7,4,6,0,12	32
1,5,10,12	120
11,9,7,4,0,2,12	19
5,9,7,4,6,0	33
5,9,7,4,6,2	32
7,4,6,3,0,2	33
5,9,7,4,6,3	28
11,1,5,3,10,12	35
1,9,6,3,0,8,12	22
1,7,4,10,8,2	27
11,7,10,8,2	64
1,5,4,6,8,2,12	20
9,7,10,8,2,12	27
1,5,9,4,6,3,8	20
5,9,6,8,2,12	30
11,1,5,9,4,8,12	20
1,4,6,3,8	78
1,5,9,4,6,3,2	18
11,1,9,6,8,2	34
10,0,8,12	116
1,5,9,4,6,3,0	19
11,5,7,4,3,0,12	19
1,4,6,3,2	70
1,4,6,3,0	69
5,9,7,4,6,8	28
5,9,4,10,8,12	22
1,5,9,3,0	64
1,5,9,3,2	70
7,6,3,2	126
7,0,2	238
1,5,9,3,8	58
7,6,3,0	123
11,5,4,3,10,0,12	21
11,1,4,6,8,12	34
1,5,4,3,0,8,2	28
7,0,8	236
11,4,6,10,8,2,12	17
5,9,7,4,8,2	30
1,5,4,6,0,8	37
1,5,4,6,0,2	38
1,5,9,4,0	62
11,7,6,10,8,2	32
11,1,9,0,2	79
1,5,9,4,2	66
1,5,9,4,3	62
11,9,4,3,0,8,2	25
11,1,7,3,0,8,2	16
11,1,9,0,8	72
9,6,3,2,12	68
1,5,9,4,6	67
11,1,9,4,6,8,12	19
4,6,10,8,2	59
1,5,9,4,8	63
11,4,6,10,8,12	35
5,7,6,3,10	58
11,1,5,9,0,12	41
1,5,9,4,6,8	37
4,3,10,8,2,12	30
1,7,4,6,0,8,12	17
1,3,10,0,12	68
9,4,6,10,8,12	29
11,10,0,8,2,12	30
5,7,6,2,12	70
5,9,10,12	106
11,6,10,12	123
6,3,0,8	127
7,6,3,8	129
5,9,7,3,0,12	33
6,3,0,2	138
1,5,6,10,8,12	29
1,4,6,8,2,12	31
1,3,0,12	129
1,9,3,10,2,12	30
7,3,0	233
1,5,9,4,8,2	31
1,4,6,8,2	62
7,3,2	234
7,3,8	239
4,6,10,12	117
5,7,4,6,3,12	26
5,7,4,6,3,10	26
11,1,4,6,10,0,12	18
5,9,4,6,10,2	22
5,9,4,6,10,0	26
11,7,6,0,8,12	32
1,9,3,8,12	61
7,4,0	237
7,4,3	252
7,4,2	234
11,9,6,10,0,8,2	19
11,1,5,9,6,8,2	17
11,1,9,3,8	71
7,4,6	251
7,4,8	237
1,9,7,10,0	58
11,1,9,3,2	80
1,3,10,2,12	57
11,1,9,3,0	76
1,5,9,4,6,0,8	20
5,7,4,6,2,12	37
1,9,6,0,8,2,12	23
1,9,7,10,2	55
5,9,7,3,2,12	33
1,9,7,10,8	62
9,6,10,0	117
1,5,9,4,6,0,2	17
1,9,6,3,10,8,2	16
1,7,4,0,8,12	34
11,1,9,4,8	66
11,1,9,4,6	70
1,9,3,10,0,12	33
11,1,4,10,0,8,12	19
5,9,4,6,10,8	28
11,1,9,4,8,12	36
11,9,7,3,10,0	31
1,3,2,12	132
5,7,6,3,12	58
11,1,9,4,0	76
9,6,10,2	114
5,6,3,0,12	71
11,9,7,3,10,2	27
11,1,9,4,3	75
11,9,7,3,10,8	29
11,1,9,4,2	63
9,6,10,8	127
1,9,6,10,0,8,12	18
11,1,5,9,4,10	31
11,7,6,10,0,8	30
11,1,5,9,4,12	33
1,5,4,6,3,10,2	17
1,5,4,6,3,10,0	22
11,5,8,2	133
11,7,6,10,0,2	35
5,4,6,10,0,8,2	20
11,3,10,8,2,12	28
7,6,0	239
7,6,3	251
7,6,2	251
9,7,4,6,3,2,12	16
1,5,9,4,3,0	36
1,5,9,4,3,2	38
4,10,0,8,2,12	34
7,6,8	239
1,9,3,2,12	72
11,5,9,4,0,8,2	19
11,5,9,8	111
11,1,5,9,3,10	27
9,7,6,10,8,2	29
11,5,9,7	131
1,7,4,10,0,8	32
11,1,5,9,3,12	32
11,5,9,6	124
11,1,4,6,0,12	35
11,5,9,4	119
11,5,9,3	128
11,1,5,9,6,0,8	19
11,1,7,10,0,8,2	18
1,5,9,4,3,8	33
11,1,5,9,6,0,2	18
1,7,4,10,0,2	30
1,7,4,0,2,12	37
11,1,9,6,8	67
5,7,0,12	120
1,4,6,0,8,2,12	19
11,5,7,6,10,8,2	16
5,7,4,6,8,12	24
11,1,9,6,2	69
11,5,9,2	137
11,1,4,6,3,0,8	24
11,1,5,4,6,0,12	19
11,1,9,6,0	74
11,5,9,0	139
7,6,8,2	121
11,1,4,6,3,0,2	19
11,1,9,6,3	69
1,5,4,6,3,10,8	23
0,2	472
9,3,10,0,8,2	28
9,7,4,10,0,8,2	17
11,5,6,3	128
11,1,5,9,2,12	38
11,5,6,2	141
11,5,6,0	134
1,7,4,6,10,0,8	16
9,7,6,0,8,12	34
5,7,3,10	115
11,5,9,7,8,2,12	17
0,8	460
11,1,5,9,6,3,8	21
9,4,0,8	126
11,5,9,7,10,12	33
1,4,6,3,10,8,2	20
11,5,6,8	124
7,8,2	239
11,5,3,0,12	69
11,1,9,6,0,2	38
5,9,10,0,8,2	22
11,1,9,7,8	72
1,7,4,6,0,2,12	17
11,1,9,6,0,8	40
5,7,3,12	118
11,1,9,7,3	69
11,1,9,7,2	70
1,9,4,6,8,2	29
11,1,9,7,0	78
5,7,6,0,12	60
11,7,10,0,2,12	31
11,1,9,7,6	67
11,1,5,4,6,3,10	24
11,1,5,4,6,3,12	19
1,5,3,10,0	68
6,3,8,2	131
11,1,9,7,4	70
1,0	490
11,5,7,8	129
4,10,8,2,12	60
1,5,3,10,2	60
1,2	487
11,5,7,6	127
1,3	496
5,4,3,10,8,2,12	17
1,4	509
11,5,7,4	129
1,4,10,8,2,12	35
11,5,7,3	126
1,5	503
6,10,0,12	121
11,5,7,2	137
1,6	504
1,7	503
1,5,3,10,8	55
1,8	489
1,9	502
11,9,7,4,0,8,12	18
11,1,5,9,6,3,2	22
11,5,7,0,8,2	39
11,1,5,9,6,3,0	20
1,5,9,4,6,0	32
11,7,6,0,2,12	35
1,5,9,4,6,3	33
11,1,5,9,7,3,0,12	16
5,7,2,12	131
1,5,9,4,6,2	34
9,4,0,2	129
11,1,5,4,6,2,12	22
11,5,7,0	124
9,7,3,8,2,12	25
11,1,9,8,2	64
9,10,0,8,2,12	27
5,6,3,8,12	62
1,7,10,8	121
11,1,5,9,7,10,12	19
11,4,6,10,0,12	35
1,3,10,8,12	55
11,5,3,2,12	70
9,4,3,0	117
7,6,3,10,0	59
11,3,0,12	124
11,1,9,7,3,10,0	16
9,4,3,2	135
7,6,3,10,2	44
7,4,10,0,12	59
11,1,5,7,0,8,2	24
11,1,9,4,3,12	35
7,6,3,10,8	53
5,9,4,0,12	52
11,1,9,4,3,10	32
1,4,6,10,0,8,12	21
3,0	488
3,2	476
1,4,6,3,10,8	41
1,5,6,10,0,12	36
6,10,2,12	114
9,4,3,10,8,12	23
5,7,6,3,0,12	33
3,8	465
1,4,6,3,10,0	37
1,3,8,12	115
5,7,4,10	125
1,7,4,10,0,8,2	16
9,7,3,0,8,12	28
1,9,6,10,8,2,12	16
1,4,6,3,10,2	33
5,9,4,3,0,2	41
1,9,7,4,6,0,12	19
5,7,4,12	122
11,5,9,6,8,2	33
4,0	472
1,7,10,0	124
11,1,9,4,2,12	31
5,9,4,3,0,8	33
4,2	474
1,7,10,2	116
1,10,0	252
4,3	505
11,1,4,6,10,8,12	18
1,5,9,4,0,8	34
11,4,10,0,8	71
5,9,4,3,10	50
1,10,2	224
4,6	497
4,8	484
11,1,3,10,8	70
11,1,7,6,0,2,12	16
1,5,9,3,0,8,2,12	18
5,9,4,3,12	53
11,4,6,3,8,2	42
11,1,3,10,2	63
1,10,8	241
1,5,9,4,0,2	39
11,4,6,10,2,12	35
9,7,4,3,8,12	24
11,1,3,10,0	74
11,9,7,0,12	72
11,3,10,0,8,2	35
9,4,6,3,10	59
9,4,6,3,12	52
11,1,6,3,8,12	34
11,5,4,6,8,12	31
1,5,6,3,8,2	42
5,0	489
5,2	499
11,4,10,0,2	69
5,3	506
5,4	498
5,9,7,6,10,0	23
11,7,3,10,12	63
5,6	497
1,5,6,10,2,12	34
5,9,7,6,10,2	24
5,7	501
5,9,4,2,12	57
5,8	473
5,9	481
11,7,4,6,10,8	34
1,4,6,3,0,8,12	21
11,7,4,3,10,0,12	16
11,5,7,3,8,2,12	16
5,7,6,12	113
4,6,3,0,8,2	41
9,4,3,8	121
5,9,7,6,10,8	28
5,7,6,10	118
1,9,4,6,3,8	38
4,3,0,8,12	52
11,1,7,6,10,0,2	19
5,0,8,2	132
1,9,4,6,3,2	39
11,4,0,2,12	65
1,9,4,6,3,0	37
11,7,4,6,10,2	29
9,4,6,2,12	55
6,0	485
11,1,9,4,0,12	38
6,2	502
11,7,4,6,10,0	32
6,3	502
1,5,4,6,0,2,12	23
1,5,0,2	142
11,5,9,6,3,8	30
1,4,3,0,8,2	45
6,8	476
11,1,4,6,3,8,2	23
11,5,9,6,3,2	34
1,5,0,8	123
11,5,9,6,3,0	31
5,9,10,8,2,12	23
11,1,4,6,10,2,12	17
1,5,4,6,10,0,8	23
11,9,7,2,12	64
11,5,7,6,0,2,12	18
4,3,10,0,8	56
4,6,3,10,12	53
4,6,3,10,0,8,2	20
7,0	470
7,2	471
7,3	490
4,3,10,0,2	65
7,4	493
11,5,4,6,2,12	41
11,1,5,10,8,2	30
7,6	495
1,4,6,3,0,2,12	21
11,7,6,10,0,8,2	19
11,1,5,4,6,8,12	16
7,8	484
1,4,10,0,8,2	38
5,9,6,10,12	41
5,7,8,12	113
9,4,6,2	126
9,4,6,3	125
1,5,9,6,10,8	31
11,9,7,3,12	66
11,1,9,4,6,10	41
1,5,4,6,10,0,2	20
4,3,0,2,12	64
9,4,6,8	123
11,9,7,3,10	60
5,6,3,2,12	79
1,5,9,6,10,0	26
11,1,9,4,6,12	31
9,4,6,0,12	56
8,2	468
11,5,4,6,3,10	36
11,5,4,6,3,12	32
9,4,6,0	123
1,5,9,6,10,2	29
1,7,4,3,8,2,12	16
11,1,5,4,10,0	41
7,4,3,0,2	64
11,5,7,10,8	68
11,1,5,4,10,2	44
5,6,3,10,0,8	33
5,6,3,0,2,12	50
1,9,7,4,6,2,12	19
7,4,3,0,8	50
11,5,9,7,3,10,0	16
11,5,7,10,2	67
11,1,5,4,10,8	38
11,5,7,10,0	66
1,9,4,6,0,8	41
11,1,4,10,0,2,12	18
1,5,4,6,10,12	35
5,6,3,10,0,2	39
11,1,7,4,6,10,0	16
1,9,4,6,0,2	34
11,1,7,4,6,10,2	16
11,9,7,4,12	69
5,4,10,0,8,2,12	20
11,9,7,4,10	73
9,0	490
9,2	482
11,5,3,8,12	58
9,3	484
9,4	494
9,7,0,8,2,12	35
9,6	494
9,7	507
11,5,10,12	135
9,8	466
1,5,8,2,12	70
5,7,6,8,12	49
11,1,7,4,6,10,8	18
11,4,6,10,0,2,12	18
6,10,8,12	108
4,3,0,8,2,12	34
1,4,6,3,10,0,8	23
1,4,6,3,10,0,2	20
11,1,5,0,8,12	40
1,5,7,6,8,2	39
5,7,6,3,2,12	34
11,5,4,6,10,8,12	17
9,7,3,10,8,2	19
9,4,8,2	115
7,4,10,8,12	53
5,9,0,2	134
1,5,4,3	129
1,5,4,6	137
9,7,4,3,2,12	30
1,5,4,0	132
1,5,7,6,0,8	27
1,5,4,2	140
6,0,12	234
11,7,10,8	136
5,9,0,8	107
5,9,4,3,8,2	33
1,5,4,8	133
1,5,7,6,0,2	37
1,5,7,4,10,8,2	16
5,6,3,0,8,12	33
1,9,7,4,6,8,12	18
11,9,0,8,2	72
5,9,7,4,0,2	37
11,1,9,7,8,2,12	18
11,7,10,0	132
7,6,8,2,12	58
11,7,10,2	132
5,9,4,10,2,12	22
11,9,7,6,12	65
11,9,7,6,10	59
9,7,0,8,2	71
11,1,6,3,2,12	33
5,9,7,4,0,8	36
1,7,6,2,12	66
11,1,6,3,0,12	35
1,5,3,2	138
11,5,9,6,0,8	29
5,9,4,8,12	51
1,5,3,0	138
5,9,4,10,0,12	26
9,7,4,6,10,0,2	17
9,4,3,10,0,12	22
9,7,4,6,10,0,8	20
11,5,9,6,0,2	32
1,5,3,8	120
1,7,4,3,0,2,12	19
11,4,0,8,12	60
1,7,6,3,10	54
1,7,6,3,12	56
7,4,6,10,8,12	22
1,6,3,0,12	68
5,7,6,3,8,12	26
11,5,4,6,10,2,12	17
11,1,7,6,2,12	30
1,5,6,8	128
1,5,6,2	144
6,2,12	254
9,7,4,3,0,12	26
1,5,6,3	136
5,9,7,4,3,0	41
11,1,8,2,12	59
11,5,4,6,0,12	36
11,4,6,3,0,8	39
11,4,10,8,2	60
11,9,7,8,12	57
1,5,7,0	126
11,1,7,6,3,10	33
11,1,7,6,3,12	29
11,4,6,3,0,2	37
6,3,10	243
1,5,7,6,3,8	36
9,4,3,10,2,12	23
6,3,12	238
1,5,6,3,0,2	47
1,5,7,6,3,0	38
11,3,8,12	111
1,5,7,6,3,2	39
1,9,6,10,8,12	32
1,5,6,3,0,8	39
5,9,3,0,8,2	37
5,9,7,4,3,8	33
5,9,7,4,3,2	36
11,1,9,4,0,8,2	23
1,5,6,0	130
1,6,3,2,12	78
5,4,6,3,10,0,12	16
11,5,9,4,8,12	29
5,9,4,6	115
11,1,7,6,0,8,12	17
5,9,4,3	121
5,9,4,2	122
1,5,9,3,10,0,12	18
5,9,4,0	119
7,4,6,3,8,2,12	16
5,9,4,8	114
11,4,6,10,0,8,12	18
11,1,5,10,0,8	42
1,5,9,0	122
1,5,9,3	117
1,5,9,2	127
1,5,7,6	130
4,0,8,2,12	63
4,6,0,2	128
5,9,3,2	132
7,4,6,3,8,2	33
1,5,7,8	125
1,5,7,3	123
11,7,10,8,2,12	27
5,9,3,0	128
1,5,7,2	130
11,7,4,10,8,12	34
4,3,10,8,2	57
1,5,7,4	123
11,1,5,10,0,2	40
4,6,0,8	122
5,9,3,8	110
9,4,6,8,12	55
10,0,2,12	114
1,7,4,8,2,12	32
1,5,8,2	131
11,1,7,6,8,12	27
11,1,5,0,2,12	43
7,3,0,8,2	60
11,9,7,0,8,2	43
5,9,6,8	118
5,9,6,3,10,2	18
4,6,3,2	128
5,9,6,3	108
4,6,3,0	119
5,9,6,2	130
5,9,6,3,10,0	22
4,6,3,8	140
5,9,6,3,10,8	18
11,3,2,12	124
1,5,7,4,0,8,12	20
9,4,6,10,0,8,12	18
5,6,3,10,8,2	30
1,9,6,10,2,12	31
5,9,7,0	119
7,4,10,2,12	52
1,5,9,3,10,2,12	17
7,4,3,8,2	55
5,9,4,6,12	46
1,7,6,0,12	56
1,5,9,8	116
9,7,3,0,2,12	33
5,9,4,6,10	51
1,5,9,4	123
11,5,4,6,3,8,2	25
1,5,9,7	124
1,5,9,6	132
11,5,9,10,0,2,12	18
5,4,3,10,0,2,12	19
9,7,3,10,0,8	25
9,7,10,0,8,2	32
11,5,4,6,10,0,12	17
11,1,9,6,10,12	30
9,7,3,10,0,2	23
9,7,6,3,10,12	17
5,9,6,0	121
7,4,6,10,2,12	26
11,7,6,8,2,12	31
5,6,0,8,2,12	34
6,8,12	220
1,3,10,8,2	52
1,9,4,6,3,12	31
11,5,9,6,8,12	25
5,9,4,3,0,12	30
11,5,7,0,2,12	38
11,1,9,7,8,2	37
1,9,4,6,3,10	33
11,7,4,6,10,12	35
9,7,4,6,10,12	25
11,5,7,10,0,8	36
5,9,4,0,2	67
5,9,4,0,8	60
1,9,4,10,12	56
11,5,7,10,0,2	33
11,5,4,3,10,2	41
11,1,4,0,8,2	39
11,5,4,3,10,8	37
1,7,4,6,10	66
1,7,4,6,12	55
11,1,7,4,3,0,12	20
11,5,4,3,10,0	45
5,9,7,8	122
5,6,10,2,12	57
5,9,7,6	119
9,3,0,12	116
1,7,4,0,8,2,12	22
1,9,7,4,6,0,2	17
4,10,0,8,2	63
1,9,4,6,2,12	31
5,9,7,4	124
5,9,7,3	126
1,9,10,8,12	58
5,9,7,2	124
1,3,0,8,12	67
11,6,3,10,0,8,2	19
1,9,7,4,6,0,8	21
11,4,6,3,8,12	33
1,7,4,10,0,8,12	17
9,3,10,0,8,12	26
1,5,9,4,0,12	32
5,9,8,2	113
1,4,6,3,10,12	31
5,9,4,3,2,12	35
4,3,0,8,2	71
9,4,6,3,0	57
1,4,3,0,2,12	39
11,1,9,7,6,0	35
9,4,6,3,2	65
5,9,7,4,6,2,12	16
1,5,6,3,8,12	36
11,1,9,7,6,2	32
11,1,9,7,6,3	29
9,4,6,3,8	64
11,1,9,7,6,8	37
5,6,10,8,2,12	28
11,1,5,7,3,10,8	16
1,7,4,8,12	54
4,6,8,2	115
11,1,5,7,3,10,2	22
11,1,5,7,3,10,0	23
5,6,10,0,12	65
9,3,2,12	123
9,4,6,3,8,12	27
1,5,9,4,2,12	36
11,1,5,9,7,0,8	22
11,1,4,3,10,0,12	20
1,5,4,6,3,0,8,2	16
11,1,5,9,7,0,2	23
1,6,10,12	122
1,7,6,3,10,0	29
5,9,7,6,10,12	21
5,6,3,8,2	75
1,7,6,3,10,2	26
1,5,6,10,0,2,12	21
1,7,6,3,10,8	28
11,1,5,10,2,12	41
5,4,6,10,12	56
3,10,0,12	123
11,1,5,9,4,3,0,2	17
11,7,3,0,2	65
1,9,7,4,6,3,8	17
11,5,7,4,10,8,12	19
11,4,6,3,2,12	34
1,7,4,3,0,2	37
1,7,4,3,0,8	29
11,5,7,6,8,2,12	17
11,5,9,7,0,8,2	21
5,9,6,10,8	53
1,4,3,0,8,12	36
9,4,6,0,8	68
9,3,10,0,12	57
1,5,6,3,2,12	42
9,7,6,10,2,12	29
1,4,6,3,10,2,12	17
5,9,6,10,0	49
1,9,7,4,6,3,2	16
1,5,9,7,4,6,10	17
11,5,9,6,3,12	27
1,9,7,4,6,3,0	18
9,7,6,3,8,2	35
1,7,4,2,12	65
9,3,0,8,2,12	34
1,9,10,2,12	60
5,9,6,10,2	48
11,6,3,2	135
5,6,3,10,2,12	32
11,6,3,0	125
5,7,4,3,0,2,12	19
11,6,3,8	128
9,4,6,0,2	67
1,5,9,6,10,12	24
11,1,5,10,8,12	30
5,3,10,2	115
1,5,9,0,8,2,12	24
1,4,3,10,0,8	36
5,4,6,10,8,2,12	18
5,3,10,0	141
1,7,4,3,10	56
1,7,4,3,12	50
1,4,3,10,0,2	37
11,7,3,0,8	58
5,3,10,8	106
3,10,2,12	104
11,1,7,8,2,12	30
11,6,0,8	125
7,4,6,10,8,2	22
11,6,0,2	144
9,6,3,0,8,2	37
11,5,4,6,3,0,8	23
5,7,6,8,2	69
9,3,10,2,12	50
9,7,6,10,0,12	25
1,4,6,3,10,0,12	18
1,5,9,7,4,8,12	16
5,6,3,10,0,12	37
11,7,6,3,0,2	36
4,6,3,10,8	68
1,9,4,6,0,12	35
1,5,7,6,8,12	24
11,7,10,0,8,2	35
4,6,3,10,2	57
11,7,6,3,0,8	30
4,6,3,10,0	63
11,5,4,10,0,8,2	20
11,5,4,6,3,0,2	23
1,4,0,12	120
1,5,4,3,0,8,2,12	18
11,1,5,4,10,12	35
9,3,10,0,2,12	27
1,0,8,2,12	70
1,10,0,2,12	60
1,5,9,4,3,8,12	16
11,1,9,7,0,2,12	26
11,1,9,7,10,0,8	18
11,1,9,7,10,0,2	18
11,1,9,7,0,2	41
7,4,10,8,2	47
5,9,4,8,2	54
11,1,5,9,7,8,2	23
1,4,3,10	128
1,4,3,12	116
11,1,9,7,0,8	39
11,5,6,10,12	58
5,9,4,3,8,12	22
1,5,9,7,4,0,12	17
11,5,7,3,0,8,2	21
5,9,7,4,2,12	31
11,5,4,0,8,2,12	24
9,4,6,10,0,8,2	17
9,3,8,12	98
1,5,6,3,10,8,12	17
11,1,5,9,7,6,8	22
1,5,6,10,0,8,12	19
5,7,4,0,8,2	40
9,7,10,8	125
11,1,9,4,3,10,0	19
11,1,5,4,0,8,2	25
1,4,2,12	128
9,7,10,0	120
11,1,9,4,3,10,8	21
1,5,7,6,2,12	34
9,7,10,2	107
11,1,9,4,3,10,2	18
11,5,9,6,0,12	29
5,9,7,4,3,12	28
11,7,6,3,8,2,12	17
7,4,3,8,2,12	25
11,4,6,3,0,12	31
11,7,10,0,12	71
1,7,6,3,0	64
1,6,3,0,2	78
1,7,6,3,2	70
1,5,6,3,0,12	40
11,5,4,3,0,8,12	19
1,6,3,0,8	75
1,7,6,3,8	70
11,1,0,2,12	69
1,5,9,10,12	57
1,5,7,6,3,10	31
1,5,7,6,3,12	28
5,9,7,4,3,10	26
11,9,4,8,2,12	26
11,1,5,7,8,2,12	19
1,5,9,7,4,2,12	17
11,7,10,12	137
11,1,4,3,10,8,12	20
1,5,9,3,0,8,12	22
11,5,9,6,3,10	18
11,1,10,0,8	74
5,6,10,8,12	54
9,4,6,3,0,12	26
11,9,3,10,0	69
11,9,3,10,2	63
7,4,0,8,12	56
11,9,3,10,8	60
11,9,7,10,8,2	33
7,4,6,0,8,12	28
11,5,9,6,2,12	29
5,9,3,0,8,12	29
11,4,3,10,12	67
11,1,10,0,2	66
7,4,6,3,0,2,12	16
11,7,10,2,12	63
11,9,4,6,0,8,2	19
11,1,5,9,7,3,8	21
3,10,8,12	95
11,1,5,3,8,2	36
11,7,3,8,2	63
11,1,9,7,4,2	30
11,1,9,7,4,3	34
11,9,7,0,8,12	35
11,1,9,7,4,0	42
11,5,7,4,10,0,12	20
11,1,5,9,7,3,2	22
11,1,5,9,7,4,2	18
11,1,9,7,4,6	36
11,5,7,6,3,10,0	16
5,9,3,10,0,8	23
11,5,4,0,12	69
11,1,5,9,7,4,0	22
9,7,6,3,0,2	33
11,1,9,7,4,8	36
5,9,3,10,0,2	29
11,9,7,4,10,8	37
5,9,3,0,2,12	43
9,4,6,8,2	55
11,1,7,3,10,0,8	17
9,4,6,3,2,12	29
1,4,6,10	141
11,1,4,3,10,2,12	21
1,4,6,12	119
11,1,7,3,10,0,2	18
11,1,9,7,3,2	37
9,7,6,3,0,8	33
5,9,4,3,8	57
11,1,9,7,3,0	37
7,4,6,0,2,12	36
5,7,4,0,8,2,12	21
11,1,5,9,7,3,0	23
5,8,2,12	126
5,9,4,3,2	69
5,9,4,3,0	66
11,1,9,7,3,8	34
11,9,7,4,10,2	30
11,1,7,3,0,2,12	21
11,9,7,4,10,0	37
11,1,5,10,0,12	40
11,7,0,8,2,12	33
1,4,6,10,0,2,12	18
7,4,6,10,0,8	27
11,1,7,3,10,2	31
7,4,6,10,0,2	29
11,1,7,3,10,8	32
11,5,7,4,3,8,2	20
11,6,8,2	133
5,9,4,6,8	59
11,5,4,2,12	75
5,9,6,3,10,12	19
5,9,4,6,2	60
11,1,5,9,7,6,3	16
11,1,5,9,7,6,2	18
5,9,4,6,0	60
11,1,5,9,7,6,0	20
11,7,3,10,8,2	27
7,4,0,2,12	64
5,9,4,6,3	54
11,1,7,4,3,2,12	18
1,10,0,8,12	65
1,5,9,3,0,2,12	28
11,5,4,3,10,8,2	20
7,4,10,0,8	57
5,9,7,4,0,12	32
1,4,8,12	118
5,6,3,10,8,12	27
7,4,10,0,2	57
1,5,7,4,0,8,2	21
11,1,5,9,7,4,8	19
11,1,5,9,7,4,6	19
11,6,0,8,2	75
4,6,8,2,12	58
11,1,5,9,7,4,3	18
1,7,6,0,2	67
11,5,4,3,12	62
1,7,6,0,8	57
5,9,6,0,8,2,12	16
11,5,4,3,10	76
1,5,7,6,0,12	29
11,1,7,3,10,0	36
1,7,4,10,0,2,12	16
11,5,4,6,3,0,8,2	17
9,7,10,0,8,12	32
5,4,6,3,8	70
1,9,6,3,8,2,12	22
1,5,3,10,8,12	28
11,1,4,10,8	73
11,1,4,10,2	71
4,6,10,0,8,2	37
5,4,6,3,0	72
5,4,6,3,2	67
11,5,4,6,3,10,12	16
1,9,6,3,8,12	35
11,1,4,10,0	77
7,4,3,0,8,12	19
11,4,2,12	127
11,5,4,3,0,2,12	24
11,1,0,8,12	68
9,7,4,6,0,8	38
1,5,7,2,12	66
11,7,4,10,12	74
1,5,7,4,8,2,12	19
11,4,3,10,8,12	35
9,7,4,6,0,2	37
1,9,4,0,2	74
7,4,3,10,8,2	19
1,9,4,0,8	71
11,4,3,12	127
11,7,4,3,8,12	30
11,4,3,10	142
9,10,12	232
1,6,10,0,12	66
5,9,7,3,8,12	27
1,5,7,3,10	60
11,1,9,4,8,2,12	17
11,5,7,8,2,12	35
1,7,6,0,8,2	32
1,4,3,8,2,12	39
1,5,7,3,12	56
11,9,7,10,0,8	39
11,9,4,3,10,8	34
11,7,10,8,12	60
1,6,3,8,2	74
1,6,0,8	120
11,9,7,10,0,2	35
1,6,0,2	138
11,5,4,3,0,8,2,12	16
11,1,9,7,0,8,12	24
11,4,0,12	124
11,9,8,2,12	54
11,1,9,7,4,10,0	17
11,5,4,6,12	63
4,6,3,10,8,2,12	18
11,1,9,7,4,10,8	17
11,5,4,6,10	65
5,6,10,0,2,12	35
11,9,4,3,10,0	33
11,9,4,3,10,2	30
1,5,7,4,10	66
11,1,5,9,6,0,12	17
1,5,7,4,12	56
7,4,0,8,2,12	33
5,9,3,0,12	63
11,7,3,0,8,12	27
11,9,7,0,2,12	40
1,9,10,0,8,12	32
11,1,10,8,2	59
1,6,10,2,12	62
1,4,6,0,8,12	35
9,3,10,8,2,12	23
11,7,6,3,10,12	29
11,7,6,3,0,8,2	21
1,9,3,10,0,2,12	18
9,7,4,6,3,2	33
9,7,4,6,3,8	34
11,7,3,0,2,12	31
11,1,5,3,0,2	47
11,1,5,3,0,8	40
11,5,4,8,12	64
11,1,7,0,8,2,12	20
1,9,6,10,0	62
1,9,6,10,2	64
4,6,3,8,2,12	35
1,9,6,10,8	72
11,5,9,7,6,2	33
5,9,7,3,10,0,12	16
1,7,4,3,10,12	22
11,5,9,7,6,3	28
11,5,9,7,6,8	33
1,5,9,7,6,8,2	21
1,9,7,6,8,12	31
1,4,6,10,12	66
11,5,9,7,6,0	32
7,6,0,12	117
11,1,9,0,12	75
9,7,10,0,2,12	25
7,0,12	233
6,3,0,12	118
7,6,3,12	115
7,6,3,10	116
11,5,4,0,8,2	40
1,9,6,3,2,12	43
1,4,6,10,8,2	34
9,7,4,6,3,8,2	17
5,9,6,3,0,2,12	25
5,9,6,0,2,12	35
5,4,6,0,2	74
1,6,3,2	144
1,5,7,0,12	64
11,1,7,3,0,8,12	17
5,6,10,0,8,12	32
1,6,3,0	134
5,4,6,0,8	64
11,7,3,10,0,8	30
7,6,2,12	128
1,7,6,8,2	64
11,5,4,3,10,0,2	23
11,7,3,10,0,2	31
5,9,7,6,3,2,12	17
1,6,3,8	140
1,7,4,6,3,0,2	16
1,7,4,6,3,0,8	18
1,5,9,6,3,8,2	22
11,5,9,7,8,2	36
11,5,7,4,3,0,8	18
11,5,4,3,10,0,8	20
9,7,4,6,3,0	32
5,9,6,10,0,2	25
11,5,7,4,3,0,2	24
5,9,6,10,0,8	25
5,3,10,2,12	59
7,2,12	231
11,1,7,0,8,2	35
1,10,8,2,12	57
6,3,2,12	140
11,1,9,2,12	67
11,4,10,0,2,12	33
5,9,7,6,3,0,12	16
1,9,7,6,3,10	18
1,9,7,6,3,12	26
1,9,6,3,0,12	36
4,3,10,0,2,12	31
1,9,4,3,0,8,2,12	16
1,5,7,4,3,10,0	17
7,4,3,10,12	46
7,3,10	222
11,9,6,10,0,8,12	16
7,3,12	228
7,4,3,10,0,2	24
1,9,4,8,2	63
1,5,7,4,3,10,2	16
11,1,9,3,10	61
5,9,3,10,0,2,12	17
11,1,5,7,10,0,2	22
11,1,9,3,12	67
11,1,9,7,10,12	34
11,5,7,3,10,8	31
11,4,3,10,0,12	34
9,7,6,3,10	51
1,4,6,0,2,12	35
9,7,6,3,12	55
1,6,10,8,12	59
11,5,6,0,8	65
9,6,3,0,12	57
11,1,5,7,10,0,8	20
11,5,7,3,10,0	35
7,4,3,10,0,8	18
11,7,4,3,0,12	30
5,3,10,0,8,2,12	19
1,5,3,10,0,12	38
11,5,6,0,2	75
11,5,7,3,10,2	30
7,4,10	246
7,4,12	231
11,5,9,7,3,8	36
11,1,5,7,0,2,12	25
1,6,8,2	124
11,5,9,7,3,2	37
11,1,9,4,10	69
7,4,6,3,10,12	19
11,5,9,7,3,0	37
11,1,9,7,0,8,2,12	16
11,1,9,4,12	64
4,6,10,0,8,2,12	19
5,9,7,10,8	57
9,7,6,2,12	68
5,9,7,10,0	53
5,3,10,0,12	69
5,10,0,2,12	67
4,6,0,8,12	58
5,9,7,10,2	52
7,4,3,0,2,12	29
11,5,6,3,0	71
1,9,6,10,0,8,2	18
1,5,9,3,8,12	31
11,5,6,3,2	74
11,5,9,7,4,8	34
11,1,7,6,3,0,8	16
11,5,9,7,4,2	33
9,6,10,12	103
11,5,9,7,4,3	34
11,5,9,7,4,0	39
5,7,4,6,3,0,8	17
5,7,4,6,3,0,2	19
11,5,9,7,4,6	29
5,9,3,8,12	47
11,4,3,10,2,12	34
1,5,10,0,2,12	38
11,7,4,3,2,12	28
1,5,9,0,2	72
11,1,5,4,3,10,8	20
1,5,9,7,10,8	29
1,9,7,6,2,12	34
11,1,5,4,3,10,2	26
1,5,3,10,2,12	33
1,5,9,7,10,2	30
1,5,9,0,8	57
11,1,5,4,3,10,0	25
1,5,9,7,10,0	25
7,6,10	241
7,6,12	238
1,3,10,0,8,2,12	16
4,6,10,0,8	68
5,10,0,8,12	61
1,9,4,3,2	78
0,8,2	239
11,1,9,6,12	62
1,9,4,3,0	71
1,9,7,6,3,0,12	17
9,3,10,8,12	44
11,1,9,6,10	68
11,1,3,10,0,8,2	20
11,1,4,6,3,0,12	21
1,9,4,3,8	70
4,6,0,2,12	67
11,4,6,12	129
11,5,6,3,8	71
9,7,6,0,12	63
5,9,6,0,8,12	25
11,4,3,0,8	66
1,5,7,6,10	66
1,5,7,6,12	54
11,4,3,0,2	75
1,5,0,8,2	73
5,9,3,2,12	71
1,5,9,3,2,12	41
11,4,8,12	122
11,1,9,7,12	69
5,9,3,8,2,12	30
5,0,2,12	139
7,6,8,12	107
5,10,0,8	116
5,10,0,2	123
0,12	455
11,1,9,7,10	68
1,9,7,6,0,12	30
7,8,12	216
6,3,8,12	118
9,7,4,6,3,0,2	18
1,4,6,10,0,8	42
1,5,10,0,8,12	36
11,7,6,10,8	63
1,4,6,10,8,2,12	18
1,9,3,10,0,8,12	16
11,1,9,8,12	61
11,7,6,10,2	65
9,7,4,6,3,0,8	18
1,10	492
9,7,6,10,8,12	22
11,7,6,10,0	63
1,12	467
11,1,4,6,3,2,12	18
11,4,10,0,8,12	32
1,5,9,7,6,3,8	19
1,5,7,8,12	58
1,4,6,10,0,2	36
11,1,5,9,6,3,12	17
5,9,6,10,8,2	24
4,3,10,0,8,12	25
9,4,0,12	106
1,9,4,6,2	65
1,7,4,10,8,2,12	16
1,5,4,6,8,2	40
1,5,9,6,3,0,8	19
11,5,9,7,0,8	34
1,9,4,6,0	67
1,7,4,6,3,8,2	19
5,4,6,8,2	64
11,4,6,10	143
1,9,4,6,3	71
1,5,9,6,3,0,2	23
11,5,9,7,0,2	34
1,9,4,6,8	70
2,12	456
1,5,4,6,0,8,2	24
11,9,7,4,0,8,2	23
4,6,10,0,2	69
9,4,3,10	112
11,1,5,7,4,12	34
11,1,6,3,0,8,2	20
9,4,3,12	110
11,5,9,3,2,12	41
11,7,8,2	127
11,1,5,2,12	75
11,1,5,7,0,8,12	22
3,10	465
5,9,7,6,8	57
3,12	460
5,9,7,6,2	63
5,9,7,6,3	53
5,9,7,6,0	57
11,1,5,7,4,10,8	16
11,9,4,8,12	55
11,1,6,10,2,12	29
11,1,5,7,4,10,2	19
11,1,5,7,4,10,0	18
9,7,10,0,8	65
11,1,5,7,3,10	38
1,9,7,3,0,8,12	18
11,1,5,7,10,8,2	16
11,1,9,4,10,0,8	22
11,1,5,7,3,12	30
9,4,2,12	106
11,1,6,10,0,8,2	21
11,1,6,3,8,2	37
11,1,5,3,12	59
7,4,3,8,12	48
9,7,10,0,2	52
1,7,10,12	116
4,10	492
4,12	453
11,1,5,4,6,3,10,0	16
11,1,9,4,10,0,2	20
1,10,12	238
11,1,5,3,10	71
11,4,6,0,2,12	36
11,1,9,4,0,2,12	20
11,9,7,6,0,12	37
4,6,10,0,8,12	34
11,1,5,7,4,10	35
7,3,10,0,8	49
11,7,6,3	128
11,1,5,7,2,12	38
11,7,6,2	136
11,7,6,0	123
1,5,6,10,0,8	38
11,5,9,0,12	71
1,5,6,0,2,12	41
11,5,4,6,8,2	36
4,6,0,8,2,12	30
11,1,5,4,12	66
5,10	489
5,12	476
11,1,9,4,0,2	41
11,7,6,8	126
7,3,10,0,2	46
1,5,6,10,0,2	39
11,1,7,6,3,8,2	19
11,1,5,4,10	76
5,9,7,8,2	64
11,1,9,4,0,8	41
11,1,6,10,0,12	35
9,0,2	250
11,7,4,3,10,0,2	17
7,6,3,10,12	45
11,10,8	250
11,4,6,10,0,2	36
9,0,8	238
5,0,8,12	111
1,5,7,4,6,10,2	19
9,4,6,0,2,12	28
1,5,7,4,6,10,0	17
11,9,7,4,6,8,12	17
11,4,6,10,0,8	40
1,5,9,3,10,12	28
11,10,0	267
11,10,2	253
6,10	482
6,12	467
7,3,0,2,12	55
9,4,6,10,0,2	33
5,4,0,8,2	74
11,7,4,3,0,2,12	17
7,10,0,8,12	58
5,4,10,2	119
3,10,8,2,12	46
5,4,10,0	135
11,1,5,4,8,2,12	25
4,6,3,0,8,12	29
9,4,6,10,0,8	38
5,4,10,8	125
11,7,4,3	138
11,9,6,0,2	77
11,7,4,2	126
11,7,4,0	128
11,5,9,7,10,8,12	16
11,1,9,4,6,0	38
11,1,9,4,6,3	39
7,10	485
7,12	476
11,1,9,4,6,2	30
11,7,4,8	128
11,7,4,6	131
11,1,9,4,6,8	38
11,5,9,2,12	70
7,4,3,2,12	56
5,7,3,10,8	48
11,1,5,6,12	60
5,9,6,10,0,12	23
11,1,4,6,3,8,12	20
11,1,5,6,10	69
11,5,9,7,4,10,12	17
5,7,3,10,2	47
5,7,3,10,0	63
5,9,6,3,8,2,12	18
11,5,4,6,3,8	41
1,5,4,6,10,0,12	18
8,12	418
11,5,9,3,12	64
11,5,4,6,3,0	40
9,4,6,10	122
11,4,6,0,12	66
4,3,10,0,12	55
9,4,6,12	107
11,5,4,6,3,2	40
11,7,4,10,0,2,12	17
11,1,5,7,10	71
7,10,0,2,12	52
11,5,9,3,10	60
1,5,0,12	124
9,3,0	242
11,1,5,7,12	64
9,3,2	254
5,10,8,2	113
1,5,7,3,0,12	36
11,9,6,0,8	67
4,6,3,0,2,12	34
9,3,8	231
11,1,5,7,8,12	30
1,5,4,6,3,8,2	23
11,1,9,10,0	74
11,1,9,10,2	60
11,1,5,0,8,2	41
9,10	486
9,12	460
5,9,7,4,2	65
5,9,7,4,3	66
5,9,7,4,8	61
11,5,9,4,12	58
5,9,7,4,6	59
5,9,6,3,8,2	32
7,4,3,0,12	50
11,5,9,4,10	60
5,9,6,10,2,12	22
5,9,7,4,0	68
1,5,3,10	120
9,4,0	243
11,1,3,0,8,2,12	19
1,5,3,12	118
9,4,3	249
11,1,5,8,12	59
9,4,2	245
4,6,3,10,0,2	34
9,4,6	248
1,5,4,6,10,2	40
9,4,8	237
4,6,3,10,0,8	32
9,4,6,0,8,12	31
1,5,4,6,10,0	39
5,7,4,8,2,12	31
11,7,3,2	123
11,7,3,0	115
11,9,6,3,2	76
11,9,6,3,0	65
1,5,4,6,10,8	43
11,1,9,4,3,0	42
11,9,3,10,8,12	26
11,7,3,8	125
5,9,7,3,2	66
11,4,6,2,12	67
9,4,8,12	103
5,9,7,3,8	64
11,1,9,4,3,2	43
11,1,5,9,12	63
11,1,9,4,3,8	43
1,5,2,12	135
1,9,7,0,8,2,12	23
4,3,10,2,12	55
11,1,5,9,10	63
5,9,7,3,0	67
1,5,7,3,2,12	33
11,5,9,3,0,12	39
11,1,9,10,8	62
11,1,5,7,6,10	35
11,1,5,7,6,12	32
1,9,10,0,8,2,12	18
1,9,3,8,2,12	38
11,4,10,8,2,12	33
11,4,6,3,10	74
11,5,9,6,10	50
11,4,6,3,12	63
11,5,9,6,12	52
9,6,0	250
9,7,4,10,0	64
9,6,3	238
9,6,2	260
1,9,6,10,8,2	31
9,7,4,10,2	52
9,6,8	247
9,7,4,10,8	65
9,7,4,0,8,2,12	17
11,9,6,3,8	66
1,9,10,0,2,12	29
1,5,9,7,0,8,2	18
9,7,0,8,12	63
11,1,7,6,3,0	29
11,5,9,7,12	66
9,7,0	253
5,9,0,12	110
11,1,6,3,0,2	36
11,1,7,6,3,2	30
9,7,2	243
9,7,4	252
9,7,3	249
1,5,4,10	141
9,7,6	249
11,5,9,7,10	64
1,5,4,12	122
11,1,6,3,0,8	40
11,1,7,6,3,8	38
9,7,8	249
11,1,5,9,10,12	34
11,1,3,10,0,2,12	17
11,5,4,6,0,2	37
9,6,0,2	138
1,5,7,10	127
11,7,4,0,8,2,12	18
1,5,7,12	115
1,9,6,0,8,12	38
9,6,0,8	128
11,5,9,8,12	53
4,6,0,12	116
9,8,2	233
5,9,3,12	115
5,9,3,10	104
7,0,8,2,12	62
9,7,4,10,8,2	25
11,1,5,4,3,0,8,2	17
7,6,3,0,8,2	35
11,1,9,4,0,8,12	25
1,5,6,10	131
11,5,9,6,0,8,2	17
1,9,7,0,2	64
5,9,2,12	121
1,9,7,0,8	65
1,9,4,6,3,0,12	20
1,5,6,12	118
7,3,10,8,2	39
11,1,7,0,8	64
11,5,4,6,0,8	35
1,5,10,8,2,12	31
5,9,4,6,0,2	32
11,1,7,0,2	70
5,9,4,6,0,8	31
5,4,6,3,10,0	40
11,5,6,10,0,8,12	16
11,1,5,7,0,12	40
11,5,6,10,8,12	27
1,9,10,8	122
1,5,9,12	115
11,7,4,0,8,12	29
11,9,6,8,2	69
11,1,7,6,8,2	34
1,5,7,3,0,8,2	24
11,5,9,7,10,0,12	20
1,5,9,10	114
7,3,0,8,12	47
9,6,3,0	121
11,1,10,8	129
4,6,2,12	127
9,6,3,2	133
11,1,10,0	145
5,4,6,3,10,8	35
5,7,8,2,12	68
11,1,10,2	125
5,4,6,3,10,2	29
5,9,6,10,8,12	23
11,5,3,10,12	69
1,9,7,6,3,0,8	19
1,5,8,12	120
1,5,4,6,3,0,8	22
11,5,9,4,8,2	27
7,4,6,3,8,12	27
11,9,3,10,2,12	29
5,9,4,12	104
11,4,6,8,12	65
4,3,10,8,12	52
1,5,4,6,3,0,2	23
11,7,4,10,8,2	26
5,9,4,10	106
11,4,3,10,8,2,12	19
1,9,10,2	111
1,9,4,6,3,2,12	19
1,9,10,0	123
11,5,9,7,3,8,2	23
4,6,3,10,8,2	31
11,1,9,6,10,2	32
3,10,0	252
11,1,9,6,10,0	35
3,10,2	204
4,6,10,0,2,12	35
5,9,7,12	113
3,10,8	218
11,1,9,6,10,8	35
5,9,7,10	115
9,7,0,2,12	65
11,1,7,3,8	62
11,1,4,6,10,12	37
11,1,7,3,0	62
11,1,7,3,2	65
9,4,3,10,8	59
4,6,3,10	126
5,9,6,10	99
9,6,3,8	124
1,9,7,3,8,12	25
1,5,3,0,2	84
11,9,3,10,0,12	33
9,7,4,3,0,2,12	16
7,3,0,8,2,12	23
11,1,7,4,8	66
1,5,3,0,8	68
4,6,3,12	112
5,9,6,12	98
11,1,7,4,2	64
11,5,6,3,8,2,12	20
9,4,3,10,0	54
11,1,3,10,0,8,12	21
11,1,7,4,0	68
9,4,3,10,2	52
11,1,7,4,6	65
11,5,9,4,3,10,12	16
11,1,7,4,3	71
7,6,3,0,2	68
11,5,7,4,6,8,2	18
1,9,6,10,0,2	33
11,1,7,6,0	62
11,9,4,6,8,2	30
7,6,10,8,2,12	20
11,5,9,4,3,2	39
1,7,0,8	123
1,7,0,2	129
1,9,6,10,0,8	38
11,5,9,4,3,8	33
7,6,3,0,8	61
1,9,6,0,2,12	38
11,1,5,4,10,0,2	23
11,5,4,12	126
11,5,9,4,3,0	40
11,1,5,4,10,0,8	24
11,5,4,10	139
11,1,5,9,7,0,12	25
1,5,10,2,12	67
11,9,7,10,12	66
7,6,3,8,2,12	32
1,5,10,0,8,2	37
1,9,7,6,2	64
11,5,6,10	124
5,9,8,12	96
1,9,7,6,3	53
1,9,7,6,0	58
1,5,9,0,8,12	35
1,5,9,4,10,8	30
1,9,7,6,8	68
1,5,7,4,6,0	33
1,5,7,4,6,2	37
11,7,4,0,2,12	36
1,5,7,4,6,3	30
1,5,9,4,10,0	28
11,5,9,7,3,0,2	22
1,6,3,0,8,2,12	24
11,1,7,4,8,12	31
11,1,9,10,8,12	29
11,1,7,6,3	63
11,1,7,6,2	62
11,4,10,0,8,2	36
1,5,9,4,10,2	30
11,1,7,6,8	63
5,9,7,4,6,3,0	18
11,5,9,7,3,0,8	21
11,7,4,10,0,8	33
11,1,4,6,3,10,0,8	16
11,1,7,8,2	65
11,1,7,4,6,3,8	24
5,7,4,6,0,2,12	21
4,6,8,12	116
11,7,0,8,2	67
1,5,7,4,6,8	28
11,4,6,8,2,12	32
11,1,7,4,6,3,0	17
11,1,5,7,3,10,12	16
11,7,4,10,0,2	35
11,1,7,4,6,3,2	16
1,5,6,8,2,12	33
11,5,2,12	140
1,0,2	253
11,1,0,8,2,12	35
9,4,10,0,8,2	33
1,0,8	242
11,1,5,9,7,2,12	20
11,1,5,4,0,2,12	26
1,5,9,7,8,2,12	21
1,5,4,10,8,12	32
11,5,9,4,6,8	27
1,9,7,8,2	63
11,5,7,3,10,0,12	16
11,1,9,4,10,12	30
11,1,3,10,8,2	32
9,6,8,2	127
11,5,9,4,6,0	29
11,5,3,12	120
1,5,7,4,8,2	35
11,5,9,4,6,3	29
11,5,3,10	141
11,5,9,4,6,2	27
11,1,7,4,6,10	38
1,5,9,10,8,2	24
11,1,7,4,6,12	29
1,9,4,6,3,8,12	16
1,7,4,2	124
1,5,7,4,0,8	31
5,9,3,10,8,2	19
1,7,4,3	123
1,7,4,0	121
1,5,7,4,0,2	38
1,7,4,6	126
5,9,0,8,2,12	33
1,7,4,8	120
11,5,0,12	131
11,9,4,6,3,8	37
11,1,7,6,0,2	32
5,9,7,4,6,0,8	17
11,5,7,4,6,3,8	21
5,9,6,0,12	53
1,5,4,3,8,2	42
11,1,7,6,0,8	29
5,9,7,4,6,0,2	16
1,5,4,10,0,12	34
11,5,7,4,6,3,0	21
1,7,3,10,0	58
1,9,4,6,10,0	35
11,5,7,4,6,3,2	17
1,7,3,10,2	49
1,9,4,6,10,2	31
11,5,6,10,0,12	33
1,7,3,0	123
1,5,4,10,2,12	39
1,7,3,2	129
11,5,9,4,0,8	32
1,7,3,10,8	49
1,9,4,6,10,8	41
5,3,10,12	116
11,5,9,4,0,2	34
1,7,3,8	118
1,3,0	257
1,3,2	258
1,9,7,6,3,8,2	17
1,9,7,3,2,12	31
1,3,8	245
5,9,7,4,6,12	25
1,4,0,8,2	73
7,10,8,2,12	50
1,9,3,0,8,2,12	26
5,9,7,4,6,10	27
11,5,6,10,2,12	26
1,7,6,3	126
1,5,7,3,8,2,12	17
1,7,6,0	119
5,9,6,3,12	53
1,7,6,2	131
8,2,12	218
5,9,6,3,10	41
1,9,7,3,0	62
1,5,7,6,10,8,2	18
1,7,6,8	124
1,4,0	252
1,4,3	265
1,9,7,3,2	62
1,4,2	256
1,9,7,3,8	57
1,4,6	260
11,5,6,3,8,2	45
4,6,3,2,12	64
1,4,8	260
1,5,7,4,3,0	35
5,9,6,2,12	62
1,5,10,0,12	68
11,4,3,0,8,2	42
1,9,7,4,0	69
1,5,3,8,2	69
11,9,4,6,3,0	33
1,5,7,4,3,2	35
1,5,0	251
4,6,3,0,12	55
11,9,4,6,3,2	38
1,5,2	260
1,9,7,4,2	59
1,5,4	260
1,9,7,4,3	58
1,5,3	249
1,5,7,4,3,8	28
1,5,6	262
1,9,7,4,8	61
1,7,4,6,8,12	27
1,9,7,4,6	67
1,5,8	244
1,5,7	251
1,5,9,4,0,8,2	22
1,5,9	246
1,9,7,3,0,12	33
1,5,3,0,8,2	44
9,4,8,2,12	49
5,9,7,4,8,12	26
11,1,7,4,0,12	39
11,4,10,0,8,2,12	19
11,9,7,4,6,3,12	16
11,1,9,3,8,2	40
1,7,8,2	125
11,9,7,4,6,3,10	16
7,6,10,2,12	50
11,1,5,9,7,8,12	21
9,4,6,10,8,2	26
1,6,0	247
11,1,5,4,10,8,2	20
1,6,3	262
11,7,0,2	128
1,6,2	261
11,9,4,6,0,2	35
9,7,10,8,2	58
3,0,8,2,12	62
1,6,8	244
1,7,4,6,3,12	25
1,7,4,6,3,10	30
7,6,3,8,2	67
11,1,9,7,3,8,2	19
11,1,9,7,10,0,12	21
1,9,10,8,2,12	32
11,5,4,6,10,12	31
11,1,5,4,0,8,12	24
11,1,4,3,8,12	39
9,7,10,12	119
1,7,0	245
6,3,0,8,2	74
1,7,2	247
1,7,4	244
1,7,3	245
1,7,6	249
9,4,3,8,2,12	30
1,7,8	248
11,1,9,10,0,12	37
7,0,8,2	126
11,9,4,6,0,8	35
11,5,7,4,6,0,8	16
11,7,0,8	121
11,5,9,6,10,8	27
11,5,7,4,6,0,2	17
1,7,4,6,2,12	35
11,5,9,6,10,2	19
11,5,9,6,10,0	24
11,4,6,3,10,8	39
11,1,3,0,2,12	37
9,4,10,0,8,2,12	16
11,1,6,3,8,2,12	17
1,9,6,3,0,8,2	23
11,1,3,10,8,2,12	16
11,4,6,3,10,0	36
9,7,4,3,10,12	19
1,8,2	250
11,4,6,3,10,2	36
1,9,7,10,8,2,12	16
11,1,6,3,10,12	30
5,7,4,10,8	63
11,1,3,10,0,8	43
1,5,6,3,10,8	37
11,1,3,10,0,2	35
5,7,4,10,0	65
5,9,4,6,10,12	21
7,6,10,0,12	54
1,5,6,3,10,0	39
1,5,6,3,10,2	33
5,7,4,10,2	55
1,5,9,0,2,12	39
1,9,0	250
1,5,4,6,10,2,12	22
1,9,2	244
5,9,7,6,8,2	34
1,9,4	258
1,9,3	250
1,9,6	260
1,5,9,10,0,8	27
1,9,8	244
5,7,0,8,12	55
1,9,7	248
1,5,9,10,0,2	30
11,5,7,6,8,2	42
11,1,7,10,0,2,12	17
11,1,5,6,8,12	28
11,1,7,3,10,2,12	16
11,9,7,4,6,0,12	20
11,4,3,10,0,2,12	19
3,10,0,8,2,12	26
11,1,5,9,7,4,12	19
11,1,3,0,8,12	38
11,5,9,12	124
11,9,10,8	120
11,5,9,10	127
11,1,6,0,12	68
1,5,4,10,12	63
5,9,7,6,0,2	29
4,6,3,8,12	58
11,9,10,0	138
11,9,10,2	126
5,9,7,6,0,8	25
11,1,5,9,7,3,12	18
5,9,6,8,12	50
1,5,4,3,0,2	46
1,7,8,2,12	61
5,7,0,2,12	70
1,5,4,3,0,8	36
1,5,4,6,10,8,12	18
11,5,9,4,0,8,12	19
5,4,3,10,8	59
11,1,7,3,10,0,12	20
5,4,3,10,0	72
5,4,3,10,2	60
1,9,7,4,8,2	28
11,5,3,0,2	83
11,5,6,3,0,8	37
11,1,5,9,7,6,12	16
11,5,7,6,3,8	40
1,5,7,6,10,0,2	21
11,1,9,4,3,0,8,2	17
11,1,7,10,0,8,12	16
11,1,6,2,12	63
11,5,7,10	133
11,9,6,10,8,12	27
11,5,7,6,3,0	33
11,5,6,3,0,2	42
11,5,7,6,3,2	36
4,6,10,8,2,12	33
5,7,10,0,2	57
1,4,6,3,10,8,12	17
1,5,10,8,12	55
11,5,6,12	120
1,5,7,6,0,2,12	19
5,4,6,0,8,2	39
9,7,6,0,8,2	38
11,1,7,4,3,10	37
11,1,5,9,0,8,2	23
11,1,7,4,3,12	31
1,5,7,10,0,2,12	20
5,7,4,3,10,2	23
11,1,9,7,3,0,2	21
5,7,4,3,10,0	32
11,5,8,12	108
5,9,6,3,0,8,2	18
11,1,6,3,12	62
9,7,4,10,0,8,12	16
5,7,10,0,8	55
11,1,6,3,10	68
5,7,4,3,10,8	26
11,1,9,7,3,0,8	20
7,4,6,10,12	52
1,5,7,6,10,8	30
5,9,7,6,3,0	27
11,5,7,12	130
5,9,6,3,0,2	39
5,9,7,6,3,2	29
5,4,10,0,8,2	33
11,5,3,0,8	69
1,7,4,6,0,12	30
5,9,6,3,0,8	27
1,5,7,6,10,0	34
5,9,7,6,3,8	28
1,5,7,6,10,2	37
11,1,7,4,2,12	34
11,1,9,10,2,12	31
7,6,10,0,2,12	27
11,4,0,8,2,12	35
11,4,3,10,8,2	35
1,9,4,6,10,0,12	16
9,4,0,8,2,12	30
5,9,3,0,8,2,12	22
1,9,6,10,0,12	29
11,9,4,6,8,12	28
9,4,3,10,8,2	30
7,4,3,10,8,12	19
1,5,0,8,2,12	41
5,9,7,6,3,8,2	18
5,4,6,3,10	65
5,4,6,3,12	57
1,9,4,0,12	65
11,1,5,9,0,8,2,12	17
1,9,6,3,8,2	41
1,5,7,4,6,10	34
1,5,7,4,6,12	27
11,7,4,3,8,2	33
5,9,6,3,2	65
1,5,9,4,10,12	28
9,7,4,6,0,8,12	17
5,9,6,3,8	55
5,9,6,3,0	61
1,9,7,4,6,10,2	17
1,6,3,8,12	67
1,9,7,4,6,10,0	17
1,5,3,10,8,2	28
5,4,6,2,12	73
9,7,3,0,8,2	37
1,9,7,4,6,10,8	22
11,9,7,0,2	73
11,5,9,4,6,10	23
1,9,7,6,8,2	33
11,5,9,4,6,12	24
1,5,9,10,8,12	26
1,9,4,6,3,8,2	20
9,7,4,3,8,2	32
1,9,4,2,12	62
9,7,4,10,2,12	23
11,7,3,0,8,2	32
5,9,7,6,0,12	27
1,4,6,0,8,2	35
1,5,7,4,8,12	29
1,6,0,12	121
11,1,3,10,8,12	35
1,9,4,3,10	59
11,7,4,10,2,12	32
11,9,7,0,8	70
1,9,4,3,12	60
1,9,10,0,8,2	32
1,9,7,6,0,2,12	19
5,3,0,8	123
11,1,7,6,0,12	33
5,9,6,0,8	55
5,4,6,0,2,12	42
1,5,9,10,2,12	32
11,5,7,6,3,8,2	28
5,9,10,0,2,12	27
5,3,0,2	152
11,9,6,3,10,0,8	16
11,5,10,0,12	75
11,9,6,3,0,2,12	17
5,9,6,0,2	70
1,5,4,3,8,12	33
11,7,3,10,8	63
1,9,4,6,10,12	29
1,9,6,10,12	56
1,6,3,12	128
11,7,3,10,2	55
9,7,4,10,8,12	27
11,7,3,10,0	63
11,1,6,8,12	58
1,6,3,10	124
11,5,9,4,10,0,8	17
9,7,6,8,2,12	31
11,1,10,0,2,12	31
11,9,7,3,2	73
11,5,6,3,8,12	31
11,9,7,3,0	66
1,5,7,6,0,8,2	19
9,4,10,0,8,12	30
5,4,6,10,0,2	35
1,5,10,0,8,2,12	20
1,6,2,12	134
11,1,9,4,6,3,0,8	16
3,10,0,8,2	57
5,9,3,10,8,12	18
5,4,6,10,0,8	36
1,9,7,6,10,0,8	17
1,7,4,3,10,0	27
11,5,9,4,0,12	34
11,9,7,6,3,2,12	18
1,5,7,4,2,12	35
5,7,4,6,0,8,2	18
11,5,6,3,0,8,2	26
1,7,4,3,10,2	29
1,7,4,3,10,8	27
11,1,9,6,0,8,2	20
11,7,4,10,0,12	37
0,2,12	238
11,9,7,4,6	69
11,9,7,4,3	68
11,9,7,4,2	67
1,5,9,6,3,8,12	18
11,9,7,4,0	74
1,5,7,4,3,10	29
11,4,3,10,0,8,12	16
1,5,10,0,2	67
11,5,3,8,2	72
11,5,10,2,12	72
10,0,8	234
7,4,3,10,2,12	17
11,4,3,0,8,12	31
10,0,2	226
1,5,7,4,3,12	24
1,7,6,8,12	52
1,5,0,2,12	75
11,9,4,6,2,12	23
11,9,7,3,8	67
11,1,9,7,10,2,12	16
11,5,9,4,3,12	32
11,5,9,4,3,10	30
9,7,4,6,0,2,12	18
1,5,3,0,8,12	40
11,7,6,3,10,0	30
4,6,3,0,8	65
1,5,10,0,8	66
11,5,9,4,0,2,12	19
4,6,3,0,2	66
11,7,6,3,10,8	30
11,9,4,6,3,10	32
11,5,9,4,2,12	33
11,9,4,6,3,12	29
11,9,7,6,3,0,12	17
11,7,6,3,10,2	26
11,9,7,4,8	66
5,4,6,0,12	61
11,9,7,6,8	66
11,1,5,9,3,10,0	16
11,1,9,7,10,2	31
5,9,6,3,2,12	38
11,1,9,7,10,0	36
11,9,7,6,3	66
9,4,3,10,0,8	30
11,9,7,6,2	73
11,9,7,6,0	69
9,7,0,2	127
11,1,9,4,3,0,8	27
11,1,9,7,10,8	32
11,1,9,4,3,0,2	26
11,5,9,6,10,12	22
9,7,0,8	132
7,4,3,10,0,12	21
1,9,4,8,12	63
11,1,5,7,10,0,12	22
9,4,6,3,10,12	21
11,5,6,3,2,12	36
11,9,4,6,0,12	28
11,7,0,12	128
9,4,3,10,0,2	30
5,4,3,10,0,8,2	19
11,1,6,3,10,0,2	18
1,9,7,6,3,0	28
1,5,3,10,0,8	34
1,9,7,6,3,2	30
11,4,3,0,2,12	36
1,9,6,3,0,2	40
11,4,0,8,2	68
11,1,6,3,10,0,8	25
7,6,10,0,2	62
11,7,4,3,0,8	27
7,6,10,0,8	54
11,7,4,3,0,2	38
1,9,7,6,3,8	31
1,9,6,3,0,8	40
1,5,3,10,0,2	36
11,4,3,10,0,8	36
9,4,3,0,2,12	30
1,5,3,0,2,12	47
11,1,9,3,8,12	35
11,1,3,10,2,12	32
11,4,3,10,0,2	38
1,5,9,6,3,2,12	24
11,4,6,3,10,12	33
5,10,0,12	127
1,5,9,10,0,12	30
11,5,7,6,8,12	27
11,9,7,8,2	68
11,1,6,3,0,2,12	19
1,9,7,6,0,2	31
1,5,6,3,10,12	31
1,5,9,4,3,0,2,12	16
1,9,7,6,0,8	34
9,7,3,0	124
9,7,3,2	127
11,1,5,7,3,8,2	22
11,1,7,6,3,0,12	16
5,9,4,6,3,2,12	16
5,7,0,8,2	72
1,5,9,0,12	61
7,3,10,0	112
11,1,5,4,3,10,12	19
9,7,4,3,0,2	39
7,6,0,2,12	69
1,6,8,12	113
9,4,10,0,2,12	25
5,9,7,10,12	54
9,7,4,3,0,8	33
1,5,9,3,8,2	36
11,1,5,9,3,0,2,12	18
7,3,10,2	85
0,8,12	219
5,9,7,6,8,12	22
11,1,3,10,0,12	38
1,5,7,4,0,12	35
11,1,10,0,8,12	35
1,9,4,6,10,8,12	18
7,3,10,8	101
11,5,10,8,12	60
11,1,5,8,2,12	35
9,7,6,3,10,2	21
7,4,6,10,8	60
4,10,0	251
7,10,0,8,2	57
9,7,6,3,10,0	25
5,10,2,12	121
5,4,6,8,12	57
4,10,2	228
1,5,9,3,0,2	42
9,7,4,6	129
9,7,4,8	121
11,9,6,0,8,2,12	19
4,10,8	245
1,5,9,3,0,8	33
11,7,8,2,12	56
5,9,6,8,2	63
1,5,4,3,0,12	37
1,5,0,8,12	69
9,7,4,10,0,12	29
1,5,4,3,8,2,12	26
7,4,6,10,0	59
11,5,4,10,12	66
7,4,6,10,2	52
9,7,6,3,10,8	23
1,5,4,10,0	72
5,4,6,10,8,2	33
1,5,4,10,2	73
11,4,6,10,0,8,2	21
5,9,7,6,2,12	31
1,5,4,10,8	70
11,1,5,7,3,0,8	20
4,6,10,2,12	63
9,7,3,8	122
11,1,5,7,3,0,2	26
10,8,2	218
9,7,4,0	134
9,7,4,2	124
11,5,3,0,8,2,12	24
9,7,4,3	126
7,6,10,0,8,12	24
11,5,7,6,3,0,8	18
11,5,7,6,2,12	34
11,5,7,6,3,0,2	19
1,5,4,6,10,8,2	23
5,3,8,2	130
5,9,6,3,0,12	33
1,5,10,8,2	58
11,9,6,3,0,8,12	17
5,9,7,6,3,10	21
5,9,7,6,3,12	25
1,9,7,6,0,8,12	20
11,1,5,9,3,0,8,12	16
9,7,6,8	126
1,5,4,6,0,8,12	18
5,4,6,0,8,12	28
4,0,8,2	127
1,9,4,6,12	60
1,5,4,3,2,12	39
1,9,4,6,10	70
11,5,7,6,3,10	31
11,5,7,6,3,12	29
1,9,3,10,0,8,2	18
11,5,6,3,0,12	37
4,6,3,8,2	68
1,5,9,7,6,2,12	16
11,9,10,12	127
4,6,10,0,12	63
1,5,7,6,10,12	24
9,7,6,0	124
11,9,7,6,3,8,12	18
5,7,4,3,10,12	20
9,7,6,2	131
9,7,6,3	120
11,5,4,6,3,8,12	18
1,5,9,6,3,0,12	21
9,4,3,0,8,12	27
5,4,3,8,2,12	36
9,4,6,10,0,12	28
1,7,4,3,0,8,2	18
11,1,9,4,3,8,2	25
11,7,4,6,3,0,2	19
1,9,6,3,0	66
11,1,5,7,4,10,12	18
1,9,6,3,2	78
11,1,6,3,0,8,12	22
11,1,5,9,8,2	32
1,9,6,3,8	71
9,7,4,6,10,8	35
1,5,7,4,10,0,12	18
9,7,4,6,10,0	32
5,7,4,10,0,8	27
5,7,4,10,0,2	29
1,9,0,8,2,12	41
1,5,9,6,10	57
11,1,5,9,8,2,12	19
9,7,4,6,10,2	29
1,5,9,6,12	54
1,9,7,10,0,8,2	17
11,1,9,7,4,0,2	22
11,5,9,10,0,8,2	16
1,5,7,4,3,8,2	19
11,1,9,7,4,0,8	22
1,5,4,3,0,8,12	22
1,9,7,4,8,12	30
11,1,5,9,7,0	41
4,6,3,10,8,12	28
11,1,5,9,7,2	38
9,7,8,2	123
11,1,5,9,7,3	35
11,1,5,9,7,4	34
11,1,5,9,7,6	39
4,10,0,8,12	59
11,1,5,9,7,8	39
11,1,9,4,10,0,12	17
11,1,6,3,10,8,2	19
1,4,6,0,12	64
5,4,3,0,8,2	45
1,5,9,7,10	59
11,7,4,6,3,0,8	17
1,5,9,7,12	56
9,4,0,8,2	68
11,1,9,3,0,12	39
9,4,6,10,2,12	26
5,9,7,0,8,2,12	17
9,0,12	232
5,10,8,12	107
11,1,5,9,6,0	37
11,1,5,9,6,2	35
7,6,10,8,2	54
11,1,5,9,6,3	34
1,5,7,4,10,2,12	17
11,1,5,9,6,8	32
1,9,4,10,0,8,12	19
1,5,9,8,12	58
11,1,6,0,8,2,12	17
5,4,10,12	113
11,1,4,6,3,8	46
11,1,4,6,3,2	37
11,1,4,6,3,0	40
1,9,7,4,6,10	35
1,9,7,4,6,12	31
11,1,9,6,3,10,2	16
9,4,6,3,8,2	32
5,9,4,6,8,2	26
7,8,2,12	112
11,9,7,4,6,8,2	17
7,3,8,2,12	49
11,10,12	258
1,9,3,10,8,2	27
11,1,9,6,3,10,8	19
11,5,7,6,0,12	33
11,1,5,3,10,0	42
9,7,6,0,2,12	38
11,1,5,3,10,2	40
1,6,10,0,2,12	35
11,5,9,7,4,10,8	17
9,2,12	225
11,1,5,3,10,8	33
11,5,9,7,4,10,0	17
11,6,2,12	125
11,9,6,3,8,2,12	16
11,9,6,3,8,12	31
11,1,4,6,8,2	33
11,9,6,0,12	60
1,9,7,4,3,10	24
1,9,7,4,3,12	23
5,9,7,3,0,8,12	17
5,4,6,8,2,12	33
11,5,9,7,0,8,12	22
1,5,9,2,12	65
11,5,3,10,8,12	33
9,3,10	221
9,3,12	227
11,1,10,8,2,12	26
9,7,6,10,0,2	30
7,6,0,8,12	56
1,9,6,0,2	70
1,9,4,3,8,12	32
1,6,3,10,8,12	34
9,7,6,10,0,8	33
11,6,3,12	121
11,6,3,10	125
1,9,6,0,8	69
11,5,4,6,3,2,12	21
11,7,6,0,8,2	39
7,4,6,3,0,12	27
1,5,9,4,6,2,12	18
1,5,9,3,10	50
1,5,9,3,12	59
9,4,10	241
9,4,12	220
4,6,3,10,0,12	28
11,1,9,7,6,10,0	16
1,9,3,0,8,12	37
11,9,6,2,12	59
5,9,4,6,3,2	30
11,1,9,10,12	66
9,7,3,10,2	41
5,9,4,6,3,0	31
9,7,3,10,0	54
1,5,4,3,10,8,2	18
11,1,5,7,10,2,12	21
5,9,4,6,3,8	28
11,6,0,12	125
11,9,7,3,10,0,12	16
1,4,6,3,12	60
9,7,3,10,8	47
1,5,9,4,10	60
1,7,4,6,3,10,8	16
1,5,9,4,12	57
1,4,6,3,10	70
4,6,10,8,12	62
1,5,7,6,3,10,0	19
1,5,7,6,3,10,2	17
1,5,4,0,8,2,12	27
1,9,7,4,2,12	31
11,9,6,3,12	60
4,6,3,10,2,12	30
11,9,6,3,10	56
5,7,4,0,2,12	39
11,1,9,3,2,12	40
11,1,5,6,0,8,2	21
7,4,6,3,2,12	30
11,5,10,0,2,12	41
1,4,6,2,12	68
11,5,4,6,3,0,12	20
9,4,6,3,0,8,2	20
9,6,10	234
9,6,12	222
5,7,4,10,8,2	26
11,5,6,10,8	64
1,9,6,3,10,12	27
1,9,3,0,2,12	42
11,5,6,10,2	57
1,5,6,0,8,12	33
11,5,6,10,0	68
11,7,4,6,3,8,2	22
9,4,10,8,2,12	27
11,1,5,9,0,2	46
11,4,6,10,8,2	32
11,1,5,9,0,8	36
11,4,3,8,2,12	36
9,7,10	242
9,7,12	241
1,9,4,3,10,2,12	16
11,9,7,6,8,12	31
1,5,7,4,3,0,2	24
1,9,7,4,0,12	36
11,5,10,0,8,12	37
1,5,6,10,0,8,2	23
1,5,7,4,3,0,8	16
11,5,7,3,0,8,12	16
5,9,10,0,8,12	26
5,7,4,0,8,12	32
1,5,3,8,2,12	40
9,7,4,3,0,8,2	21
9,8,12	201
5,9,7,0,8	58
9,4,6,3,0,8	33
11,5,7,0,8,2,12	21
5,7,4,6,3,10,0	16
11,7,4,6,10,0,12	17
1,4,6,8,12	59
11,1,9,4,8,2	32
11,1,5,4,3,0,8	23
1,9,7,4,3,0,12	16
11,1,5,4,3,0,2	31
9,4,3,0,8,2,12	18
11,1,7,0,12	75
5,9,7,0,2	62
5,9,7,3,0,2,12	21
1,9,7,10,12	60
11,1,6,10,8,12	30
1,5,6,10,8,2	35
11,9,6,3,2,12	32
11,1,9,7,4,8,2	17
11,1,9,7,4,6,8	23
1,9,3,10,0,2	31
1,7,0,8,2	68
9,6,0,12	117
11,1,9,7,4,6,3	18
1,9,3,10,0,8	34
11,4,3,10,8	73
11,4,3,10,2	71
11,4,3,10,0	73
1,5,9,4,6,0,12	16
9,4,3,10,0,8,2	18
9,4,6,3,0,2	33
1,7,4,0,8,2	33
9,6,3,10	109
11,1,4,6,0,8	36
9,6,3,12	109
1,6,3,10,0,12	35
11,1,4,6,0,2	30
5,9,3,10,0,12	31
5,9,7,4,3,2,12	19
11,1,7,2,12	66
11,1,5,9,4,0	39
5,7,4,3,0,8,2	20
1,5,4,6,3,10,12	17
11,1,5,9,4,2	36
11,9,7,6,3,12	34
11,1,5,9,4,3	35
11,9,7,6,3,10	27
11,1,9,7,4,6,0	21
11,1,5,9,4,6	34
11,9,6,3,0,12	30
11,7,0,2,12	65
11,9,6,8,12	54
11,1,5,9,4,8	31
1,5,7,3,8,12	28
11,5,9,7,10,0,8	19
9,6,2,12	124
1,9,6,8,2	65
1,9,4,3,0,12	35
11,1,7,3,12	59
11,1,7,3,10	67
1,9,7,6,10,12	23
1,5,4,3,10,0,8	16
1,9,10,12	121
11,1,5,9,3,0	40
3,10,12	219
11,1,5,9,3,2	44
11,5,4,0,8	67
11,7,10,0,8	67
11,1,5,9,3,8	32
11,5,3,10,0,12	41
11,5,4,0,2	73
11,7,10,0,2	66
9,7,6,3,0,8,2	19
11,5,9,3,8,12	27
1,6,10,0,8,12	35
11,1,9,7,4,3,2	17
11,1,9,7,4,3,0	21
5,9,3,10,2,12	28
11,1,7,4,12	64
1,6,3,10,2,12	33
11,1,7,4,10	71
11,7,4,3,10,12	34
5,9,7,4,3,0,12	19
11,1,9,7,4,3,8	19
1,5,3,10,12	58
11,5,9,7,0,2,12	23
1,5,4,3,10,0,2	20
11,5,4,3,10,8,12	20
11,5,7,4,3,8,12	16
11,6,8,12	112
9,7,8,2,12	54
11,1,9,3,0,8,2	23
11,5,4,3,2	81
1,5,4,3,0,2,12	27
11,5,4,3,0	80
1,9,4,3,2,12	38
4,10,0,2,12	60
11,5,9,4,3,10,0	19
1,9,7,3,0,2,12	22
5,6,10,2	117
11,4,6,0,8,12	32
5,6,10,0	133
11,5,9,7,10,8	33
11,9,7,6,2,12	35
11,5,9,7,10,2	29
5,6,10,8	123
11,5,9,7,10,0	32
11,5,3,10,2,12	37
11,5,7,3,8,12	30
11,1,5,9,0,2,12	26
5,4,10,0,8,12	32
9,6,3,10,2,12	27
11,1,7,4,8,2	32
11,9,7,6,10,12	28
11,4,6,3,8,2,12	20
11,1,4,10,8,12	34
7,6,3,0,12	55
11,5,9,3,0,8,12	19
11,1,9,7,3,0,12	23
1,5,4,10,0,8,2	22
4,3,10,2	115
11,5,10,0,8,2,12	20
11,3,10,8	128
1,9,7,6,10	58
4,3,10,0	122
11,9,4,3,2,12	33
1,9,7,6,12	56
1,7,3,10,0,12	30
11,3,10,0	141
4,3,10,8	122
11,3,10,2	122
11,6,3,0,2	73
1,9,0,8,2	66
5,7,6,3,10,8	24
11,1,6,8,2,12	29
11,7,6,3,2	67
11,7,6,3,0	59
1,5,9,7,6,10	29
1,5,9,7,6,12	26
11,6,3,10,0,12	30
5,7,6,3,10,0	32
11,1,9,10,8,2	27
5,7,6,3,10,2	23
5,4,3,0,8,12	31
5,7,4,10,2,12	24
11,5,9,7,4,3,12	18
11,1,5,6,3,10,8	20
11,9,10,0,2,12	29
1,7,0,12	123
11,1,5,6,3,10,2	17
11,1,5,4,10,2,12	24
11,1,5,6,3,10,0	23
1,5,9,0,8,2	35
1,0,12	236
5,9,4,6,8,12	25
11,1,9,4,10,2	28
6,3,0,8,2,12	38
5,4,0,2	135
11,1,9,4,10,8	35
11,1,7,4,6,0	30
11,1,3,0,12	68
9,6,3,10,0,12	23
11,1,7,4,6,2	28
1,5,4,0,8,12	40
11,7,4,6,0,8,2	18
5,4,3,10,12	53
11,1,7,4,6,3	38
5,4,0,8	123
1,7,3,12	110
11,1,7,4,6,8	35
11,5,9,7,4,6,12	16
1,9,7,8,12	60
1,7,3,10	107
11,9,4,3,0,12	28
1,7,3,10,2,12	23
5,9,3,10,2	48
11,6,3,0,8	67
11,5,9,10,12	66
5,9,3,10,8	40
11,7,6,3,8	70
11,5,6,0,8,12	30
1,4,10,8,2	63
5,9,3,10,0	57
1,5,9,7,8,12	33
11,1,5,7,4,0,8	19
11,5,9,0,8,2,12	21
11,1,5,7,4,0,2	23
7,0,2,12	120
11,6,3,10,2,12	28
11,1,5,9,10,0,2	18
9,6,8,12	110
7,10,0,8	114
11,1,9,0,8,12	41
11,1,5,4,3,8,2	25
1,7,2,12	124
1,5,7,4,6,0,2	17
11,1,5,9,10,0,8	19
7,10,0,2	108
11,1,5,4,10,0,12	19
11,1,9,4,10,0	38
1,2,12	242
5,7,3,0,8	61
11,9,8,2	119
5,9,4,6,2,12	28
1,5,4,10,0,8	38
1,9,7,3,0,2	35
11,5,9,7,4,0,12	24
11,1,0	273
11,1,3,2,12	66
1,6,10,8,2,12	28
5,7,3,0,2	75
11,5,7,4,0,8,2	21
5,7,3,0,8,2	38
1,9,7,3,0,8	34
1,7,3,10,12	47
1,5,4,10,0,2	38
7,3,10,0,8,2	21
11,0,8	243
11,5,3,10,8,2,12	17
4,3,10,0,8,2,12	17
11,1,5,10,0,8,2	22
1,5,4,0,2,12	43
11,0,2	260
1,4,10,0,8	71
1,6,3,10,0,8,2	22
5,4,3,2	134
5,4,3,0	137
11,1,5,7,6,10,2	18
9,7,4,0,8,2	39
11,1,5,7,6,10,0	20
1,3,10	230
1,9,7,2,12	63
1,3,12	237
5,9,4,6,3,10	21
9,7,6,10,0,8,2	17
11,5,6,0,2,12	40
5,9,4,6,3,12	23
5,7,10,0,8,2	31
1,5,7,3,10,12	25
11,9,6,10,0	59
11,9,6,10,2	58
11,1,9	277
1,7,4,12	110
11,1,8	246
11,1,7	265
11,1,6	251
11,1,5	261
11,1,4	264
11,9,6,10,8	60
11,1,3	257
11,1,2	253
1,7,4,10	126
1,9,7,3,10	45
11,1,7,4,6,3,10	22
1,4,10	263
1,5,9,7,2,12	32
6,3,10,0,8,12	30
5,4,10,0,2,12	33
1,4,12	231
11,4,6,10,12	70
1,9,7,3,12	53
1,7,4,6,8,2	27
11,9,6,3	127
11,9,6,2	141
6,10,0,2,12	63
11,9,6,0	136
5,4,3,10,8,2	30
11,7,6,8,2	71
1,5,9,7,3,10	26
1,5,9,4,0,8,12	21
11,5,9,3,10,12	33
11,3,2	255
1,4,0,8,12	68
11,3,0	259
11,9,6,8	120
11,5,7,10,0,2,12	17
11,5,7,0,12	68
11,1,7,4,6,0,12	16
11,5,9,7,4,2,12	19
1,5,3,8,12	64
1,5,9,7,3,12	28
1,9,7,4,12	58
1,9,7,4,10	61
1,5,10	251
5,4,0,8,2,12	40
1,5,12	241
11,9,7,4	139
11,9,7,3	134
11,9,7,2	136
1,5,7,10,0	66
5,4,3,8	124
11,9,7,0	138
1,5,7,10,2	67
1,5,9,7,4,10	30
11,5,6,10,0,8	39
11,4,3	273
11,4,2	257
5,7,4,3,8,2	33
1,5,7,10,8	59
11,4,0	255
11,9,7,8	130
11,5,6,10,0,2	32
11,9,7,6	132
9,4,10,0,12	54
5,7,4,10,0,12	32
11,3,8	240
1,7,6,10	125
11,5,10,8,2,12	30
1,7,6,12	114
1,6,10	258
1,5,9,7,4,12	27
1,6,12	238
1,0,8,2	130
1,5,9,4,0,2,12	22
9,7,10,8,12	56
11,1,4,8	135
11,9,4,0,2	68
11,1,4,6	135
5,4,6,8	127
9,7,4,0,2	72
11,1,4,3	143
11,1,4,2	134
11,5,4	256
11,1,9,7,3,8,12	16
11,5,3	260
11,5,2	277
9,7,4,0,8	73
11,5,7,2,12	70
11,5,0	264
11,1,7,4,0,2	36
11,9,7,4,6,3,2	19
4,8,2,12	111
1,5,9,4,10,0,8	16
11,9,7,4,6,3,0	20
1,5,9,4,10,0,2	16
11,1,5,7,4,8,2	21
11,4,8	246
11,4,6	258
11,1,7,4,0,8	32
1,9,4,10,0,2,12	17
11,1,4,10,0,12	36
11,1,9,10,0,8	38
11,1,4,0	141
1,7,10	246
1,7,12	234
1,9,4,3,0,2,12	23
6,3,0,8,12	62
11,8,2,12	107
11,1,6,3,10,0	37
11,1,5,9	137
11,1,9,10,0,2	35
11,1,5,8	121
5,7,6,8,2,12	32
11,1,6,3,10,2	32
11,1,5,7	133
7,0,8,12	112
11,1,5,6	133
11,1,5,4	137
7,4,10,0	119
11,1,5,3	131
11,6,3,8,2	73
11,5,9,4,3,2,12	21
11,1,6,3,10,8	42
11,6,3	248
11,6,2	265
11,1,5,7,4,6,8	16
11,6,10,0,12	63
11,6,0	257
5,6,0,8,2	72
11,5,7,3,10	66
11,5,7,3,12	60
9,6,3,10,0	55
11,5,9	259
1,7,8,12	108
11,5,8	235
11,5,7	255
11,5,6	255
1,8,12	220
11,1,5,2	144
7,4,10,2	106
11,5,9,3,10,0,8	17
11,5,7,3,0,12	33
11,1,9,0,2,12	41
11,1,5,0	143
5,4,6,2	132
9,6,3,10,2	51
5,4,6,3	130
5,4,6,0	132
9,6,3,10,8	58
11,9,4,0,8	65
11,5,9,3,10,0,2	17
7,4,10,8	125
11,1,7,10,8	64
5,10,0	253
11,1,7,10,2	67
5,10,2	234
11,9,7,4,6,0,8	21
11,5,4,6,10,8	36
11,7,6	256
11,1,7,10,0	74
11,7,4	265
11,7,3	251
5,10,8	229
11,7,2	256
11,1,5,6,8,2	37
11,9,7,4,6,0,2	20
11,7,0	244
11,5,4,6,10,0	36
11,1,3,8,12	61
11,5,7,4,10	68
11,5,4,6,10,2	30
11,5,7,4,12	69
11,6,8	238
11,5,9,3,0,2,12	26
1,9,10	246
5,9,8,2,12	54
1,9,12	235
11,1,3,8	129
11,9,4,3,8	68
11,6,10,2,12	57
5,6,3,10,0,8,12	16
1,9,7,4,3,0,8	19
11,1,9,6,10,0,8	22
1,7,4,6,3,0	31
11,1,3,2	132
11,9,4,3,2	75
11,9,4,3,0	67
7,6,3,8,12	55
5,7,4,10,12	55
1,7,4,6,3,2	34
1,5,3,0,8,2,12	27
1,7,4,6,3,8	39
11,1,9,6,10,0,2	18
11,8,2	238
1,5,3,10,0,8,12	19
11,1,5,4,10,8,12	18
11,1,9,6,0,2,12	19
11,5,7,10,0,8,12	17
11,7,8	250
11,5,7,3,2,12	31
11,1,3,0	137
1,9,4,3,10,0,2	20
1,9,7,4,3,0,2	23
5,4,8,2	125
1,5,9,7,0,12	31
7,10,8,2	111
1,9,4,3,10,0,8	20
11,9,0	274
9,7,6,10,8	63
11,1,0,2	136
5,7,10,2,12	56
11,5,0,8,2	72
11,9,8	231
11,9,7	274
11,9,6	256
11,1,5,7,4,3,8	18
11,9,4	260
11,1,0,8	132
1,9,0,2	130
11,9,3	262
11,9,2	268
11,5,7,6,12	61
5,4,6,3,0,2	42
5,7,3,8,2	71
1,9,0,8	123
11,1,5,3,0,8,2	24
11,5,7,6,10	60
9,7,6,10,2	57
9,7,6,10,0	57
5,4,6,3,0,8	35
11,1,7,4,3,0	35
11,1,7,4,3,2	38
11,1,5,7,4,3,2	24
11,1,5,7,4,3,0	24
11,9,4,10,0,8,2	20
11,1,7,4,3,8	36
11,1,3,0,8,2	35
11,1,5,7,10,12	35
1,4,3,10,0,8,2	22
11,1,5,9,7,0,8,2	16
11,1,5,9,4,10,0	17
5,7,10,0,12	62
11,9,4,6,8	61
11,1,9,4,6,10,8	23
1,7,4,6,0,2	29
11,9,4,6,3	67
11,9,4,6,2	65
11,9,4,6,0	64
11,1,5,9,0,8,12	26
11,1,5,7,4,6,2	17
1,7,4,6,0,8	30
11,1,5,7,4,6,3	20
11,1,9,7,3,2,12	19
11,1,5,7,4,6,0	18
11,1,4,3,8,2	44
3,0,2	249
7,6,3,2,12	64
11,5,7,8,12	59
11,1,5,9,4,10,8	16
11,1,4,10,2,12	36
1,9,4,3,0,8,12	21
11,9,6,10,8,2	29
1,9,4,10,8,2	29
3,0,8	235
1,7,6,3,8,2,12	18
6,3,0,2,12	75
9,4,3,0,2	69
1,5,7,6,3,8,2	24
11,5,9,4,3,0,12	19
11,9,7,4,6,3,8	22
5,9,7,0,8,2	33
9,4,3,0,8	62
11,1,5,0,8	72
6,3,10,0,8	66
11,9,10,0,8,12	31
6,3,10,0,2	63
11,5,6,3,10,0,12	18
11,1,9,4,6,10,2	16
5,7,4,10,8,12	27
1,5,6,3,0,8,2	26
11,9,3,8,2,12	29
11,1,5,0,2	80
11,1,9,4,6,10,0	21
1,9,4,0	133
1,9,4,2	127
1,7,6,10,8,12	18
1,9,4,0,8,2,12	24
1,9,4,8	129
1,7,6,3,10,0,2	16
11,9,4,8,2	57
1,9,4,3	136
1,9,4,6	135
1,5,6,10,12	59
11,4,6,3,0,2,12	18
11,7,8,12	112
9,7,4,6,0,8,2	19
9,7,4,8,2	56
11,4,6,3,10,0,2	19
1,9,3,0	129
11,6,10,8,12	57
1,7,6,3,0,2,12	20
5,9,7,6,0,2,12	17
1,9,3,8	125
11,9,6,0,8,12	32
1,9,3,2	139
1,5,3,10,0,2,12	23
9,6,8,2,12	59
7,6,3,10,0,12	24
11,4,6,3,10,0,8	20
9,7,4,6,2	68
1,9,6,2	135
11,9,10,8,2,12	26
9,7,4,6,3	65
1,9,6,3	128
11,1,5,4,0	77
1,9,6,0	126
9,7,4,6,8	64
11,1,9,10,0,8,2	20
11,9,7,3,8,12	31
1,9,6,8	133
11,10,0,2,12	63
11,1,5,3,8	63
11,7,6,12	129
11,1,6,10,0,8,12	18
11,1,5,6,0,2	39
11,7,6,10	131
1,9,3,10,0	59
11,1,5,3,2	77
11,1,5,3,0	78
11,1,5,6,0,8	37
11,0,8,2	127
1,5,9,7,10,2,12	17
11,1,5,7,3,0,12	23
9,7,4,6,0	68
1,9,3,10,2	52
5,7,6,0,8,2	34
1,9,3,10,8	56
1,9,7,4,10,0,12	17
1,5,9,7,3,8,2	20
1,9,4,3,10,8,2	18
1,9,4,0,8,12	39
1,4,3,10,12	57
1,9,7,4,3,8,2	16
11,5,9,0,8	59
11,5,9,0,2	75
11,1,5,4,3	75
11,1,5,4,2	82
11,1,5,4,8	69
11,1,5,4,6	71
11,1,7,6,10,0	35
9,3,0,8,2	69
11,1,5,6,2	71
11,1,5,6,0	73
1,9,8,2	122
11,1,7,6,10,2	34
1,9,7,6,8,2,12	17
11,1,7,6,10,8	30
11,5,9,0,8,12	34
11,9,6,0,2,12	33
11,7,4,12	133
11,7,4,10	147
11,1,9,3,8,2,12	20
1,5,4,8,2,12	42
1,9,7,3	116
1,9,7,2	121
11,9,6,10,0,2	31
9,7,4,3,0	64
1,9,7,4	121
11,1,5,7,3	67
9,7,4,3,2	67
11,1,5,7,2	72
11,1,5,7,0	71
1,9,7,0	124
11,5,7,4,6,3	34
1,9,4,0,2,12	37
9,7,4,3,8	60
11,1,9,6,0,8,12	24
11,9,6,10,0,8	35
11,5,7,4,6,8	30
1,9,7,6	123
1,7,3,0,2	70
1,9,7,8	128
1,5,6,3,8,2,12	23
11,5,9,4,10,8	29
11,5,7,4,6,0	33
1,7,3,0,8	64
5,3,0,12	128
11,5,7,4,6,2	32
1,5,7,3,10,0,12	18
10,0,12	245
11,5,9,4,10,0	33
1,5,7,10,8,2	33
11,1,5,6,3	69
11,1,5,6,8	64
11,5,9,4,10,2	25
6,3,10,8,2	54
11,5,9,4,0	66
1,9,4,10,0,2	35
11,5,4,10,8,12	36
11,1,5,8,2	69
11,1,4,3,0,8	41
6,0,8,2,12	63
1,9,4,10,0,8	39
5,7,10,8,12	49
6,10,8,2,12	54
11,1,4,3,0,2	45
3,8,2	232
11,7,2,12	123
1,9,7,3,0,8,2	19
11,9,7,6,3,0,8	19
11,4,6,0,8	65
11,5,9,3,8	56
5,9,6,3,8,12	25
11,1,5,7,6	70
11,1,5,7,4	68
11,5,9,3,0	75
11,5,6,8,2,12	32
11,4,6,0,2	68
11,5,9,3,2	76
11,1,5,7,8	66
11,1,5,9,0	79
9,4,3,8,2	69
11,1,5,9,4	64
1,9,7,3,10,12	20
11,5,9,10,8,2	25
11,1,5,9,3	66
11,1,5,9,2	75
5,3,2,12	133
11,9,7,6,3,0,2	20
11,1,5,6,3,0	42
11,7,3,12	122
11,1,5,6,3,2	40
11,7,3,10	130
11,5,7,4,8,2	37
11,5,9,4,6	54
11,1,5,6,3,8	40
10,2,12	220
11,5,9,4,8	56
11,5,9,4,2	62
11,5,9,4,3	66
11,5,9,6,0	64
11,9,4,0	130
11,1,9,8,2,12	33
11,5,9,6,2	66
11,4,6,3,0	66
9,7,6,3,8,2,12	17
1,6,0,8,2	66
11,9,4,6,10,8	32
4,10,0,8	121
11,9,4,8	118
4,0,2,12	119
11,9,4,6	126
5,9,10,0,2	53
11,9,4,3	135
1,9,4,10,8,2,12	17
11,9,4,2	129
4,10,0,2	123
7,3,10,12	98
11,5,4,3,8,2	42
11,1,5,9,8	58
11,1,5,9,7	74
11,1,5,9,6	70
11,9,4,6,10,0	32
11,5,4,10,2,12	36
11,9,4,6,10,2	28
11,1,5,6,0,2,12	21
11,5,9,7,0	66
11,5,9,7,3	65
11,5,9,7,2	66
11,1,5,9,3,10,12	16
11,1,6,3,10,0,12	16
1,9,6,3,0,8,2,12	16
1,3,10,0	126
11,1,9,4,3,0,12	20
5,9,10,0,8	47
11,9,7,6,10,2,12	16
1,4,6,3,8,12	32
11,1,7,4,10,12	35
1,3,10,2	105
9,4,10,2,12	49
11,9,7,3,2,12	33
9,7,0,12	126
11,5,9,6,8	59
1,3,10,8	115
1,7,6,0,8,2,12	16
11,1,5,4,6,10	42
11,4,6,3,8	77
11,1,5,4,6,12	33
11,4,6,3,2	72
11,5,9,6,3	55
5,4,10,0,12	61
11,5,9,8,2	57
5,7,4,0,8	63
11,5,7,4,3,8	35
9,6,3,10,8,12	25
9,7,3,10	105
1,7,6,10,2,12	26
9,7,3,12	115
11,9,4,6,3,8,12	16
1,9,4,6,3,0,2	21
11,5,7,4,3,0	41
5,9,4,6,0,12	25
5,7,4,0,2	73
11,5,7,4,3,2	36
11,1,5,6,10,0,2	20
1,7,4,10,12	57
11,5,9,3,8,2,12	16
7,4,6,2,12	66
11,9,3,0,12	64
11,1,5,6,10,0,8	25
1,5,4,6,10	78
11,5,9,7,8	66
1,5,4,6,12	62
1,9,8,2,12	63
1,9,4,6,3,0,8	23
11,5,9,7,4	64
5,6,3,0,8,2,12	24
1,5,4,10,8,2,12	21
11,5,9,7,6	63
5,9,0,2,12	67
11,9,3,0	136
5,3,10,0,8,2	35
11,9,3,0,8,2,12	18
9,7,2,12	116
11,1,6,0,8,2	33
1,7,6,3,0,8,12	16
11,9,3,8	122
1,6,3,0,8,2	43
1,5,7,4,6,8,2	17
11,1,10,0,8,2	35
11,9,3,2	145
1,5,7,0,8,12	33
7,4,6,3,10	58
7,4,6,3,12	55
1,5,9,7,3,0,2	20
1,5,7,4,10,8	31
5,6,3,10,8	60
4,10,12	226
11,9,7,3,0,12	34
11,7,4,6,8,12	31
1,5,9,7,3,0,8	18
1,5,7,4,10,0	35
11,5,3,0,8,2	42
1,7,6,3,8,2	38
1,7,6,10,0,12	25
5,6,3,10,0	75
1,5,7,4,10,2	35
5,6,3,10,2	59
11,1,5,7,3,2,12	20
11,9,0,2	144
1,5,4,3,10,2	35
1,5,4,3,10,0	35
11,7,4,6,3,10	40
11,10,0,8,12	62
1,5,9,4,3,0,8,2	17
11,9,3,2,12	67
11,1,6,10,12	67
1,5,4,3,10,8	32
11,7,4,6,3,12	31
7,4,6,0,12	61
1,7,10,0,12	66
1,5,4,0,12	66
1,5,9,6,8,12	29
9,7,4,10	121
5,4,3,0,8	62
9,7,4,12	118
1,5,7,0,2,12	40
11,4,6,8,2	64
1,7,3,8,2	60
5,9,4,6,3,0,2	19
1,5,7,10,0,8	30
5,4,3,0,2	79
5,3,8,12	114
10,8,12	210
1,5,7,10,0,2	37
5,7,10,2	114
5,7,10,0	120
11,1,5,4,6,10,8	23
11,5,9,6,0,2,12	16
11,1,5,4,6,10,2	20
11,9,0,8	125
11,1,5,4,6,10,0	22
5,7,10,8	121
11,7,4,6,2,12	32
4,0,8,12	111
11,5,9,0,2,12	42
11,5,3,10,8	64
5,4,3,10,0,2	37
11,5,3,10,2	73
11,3,10,0,12	69
1,7,10,2,12	59
11,5,3,10,0	83
11,5,9,7,3,8,12	19
1,5,7,4,6,3,2	17
5,7,4,3,0,2	40
11,9,6,3,0,8,2	22
1,5,7,4,6,3,0	19
11,5,9,10,0,8	32
1,7,6,10,0,8,2	17
11,5,6,3,10,8	32
5,4,3,10,0,8	28
5,7,6,10,8	57
1,5,7,4,6,3,8	18
11,5,4,10,0,12	36
5,7,6,10,2	56
5,7,4,3,0,8	30
11,5,6,3,10,0	38
1,5,4,2,12	76
5,7,6,10,0	62
11,5,6,3,10,2	28
9,7,6,10	117
9,7,6,12	117
11,5,7,4,0,8	34
11,9,7,6,3,8,2	24
5,4,3,0,2,12	40
1,7,4,6,10,12	26
9,4,10,8,12	52
11,1,10,12	134
11,5,7,4,0,2	38
11,5,9,10,0,2	31
5,4,6,3,10,12	25
1,3,0,8,2,12	40
11,1,7,10,8,12	27
11,1,5,4,8,12	37
9,0,8,2	126
1,5,4,3,10	65
6,3,10,0,2,12	35
1,5,4,3,12	57
1,9,7,4,6,0	35
11,1,5,6,2,12	35
1,9,7,4,6,2	34
1,9,7,4,6,3	31
11,9,7,3,0,2,12	21
11,1,4,0,12	71
1,9,7,4,6,8	37
11,3,10,2,12	60
11,1,6,3,10,8,12	18
7,6,3,10,0,2	26
11,1,9,3,0,2	43
7,6,3,10,0,8	24
11,1,9,3,0,8	41
11,5,9,7,3,2,12	20
1,9,6,8,2,12	32
4,10,8,2	110
1,5,9,7,0,2,12	19
11,1,5,6,3,10	35
9,7,8,12	108
5,9,7,8,2,12	29
1,5,6,10,0	69
1,5,6,10,2	69
1,9,4,10,8,12	30
1,9,4,3,0,8,2	28
11,1,9,4,3,8,12	22
1,5,6,10,8	68
11,1,5,4,3,8,2,12	16
1,5,3,10,8,2,12	16
1,8,2,12	122
7,6,3,0,2,12	34
1,9,3,0,8,2	40
11,7,4,8,2,12	29
5,7,3,8,2,12	29
7,6,10,8,12	42
11,1,5,6,0,12	36
11,1,5,6,10,8,2	17
11,1,4,2,12	70
1,9,4,10,0,8,2	21
9,4,0,8,12	56
1,9,7,4,10,0,8	19
1,9,7,4,0,2,12	21
11,4,10,2	134
11,1,9,7,4,0,12	24
11,1,7,4,0,8,2	17
11,1,9,10,0,8,12	18
11,4,10,8	138
11,10,8,2	118
1,3,10,0,2,12	33
9,7,4,8,2,12	24
11,9,3,8,12	55
11,4,10,0	141
11,5,7,6,0,8	31
5,9,7,3,0,8,2	20
11,1,4,3,12	65
11,9,7,10,0	69
11,5,7,6,0,2	35
11,9,7,10,2	65
5,7,6,0,8,12	24
11,1,4,3,10	75
11,9,7,10,8	68
1,5,7,3,0,8,12	18
11,9,6,3,8,2	40
11,1,9,3,10,0,8	22
1,9,7,4,0,8,12	21
11,5,7,4,6,10	28
1,6,3,10,8,2	33
11,5,7,4,6,12	32
1,5,7,10,8,12	21
11,5,9,4,10,12	29
1,6,0,8,2,12	36
11,1,9,3,10,0,2	19
11,1,9,10,0,2,12	16
11,9,6,10,2,12	26
1,9,4,10,2,12	31
11,1,9,3,0,2,12	23
11,5,0,8,2,12	38
1,9,6,0,12	61
1,9,4,3,8,2	43
11,1,4,3,2,12	39
5,7,6,0,8,2,12	16
1,9,7,4,3,0	36
1,9,7,4,3,2	32
11,9,7,4,3,8,12	16
1,9,7,4,3,8	28
11,0,8,12	114
11,1,7,6,10,12	29
11,5,3,10,8,2	35
1,5,7,3,0,2,12	25
5,4,8,2,12	64
5,9,7,4,3,8,2	18
6,10,0,8,2,12	30
11,5,7,4,8,12	34
11,3,10,8,12	60
1,9,7,4,0,2	38
11,5,9,7,3,0,12	23
5,9,4,0,8,2	36
5,7,6,10,8,2	30
11,5,8,2,12	63
1,9,7,4,0,8	37
1,9,4,10,0,12	31
11,1,4,6,10	84
11,9,6,10,0,12	26
11,1,4,6,12	64
1,5,7,3,10,0,2	21
5,7,10,8,2	61
11,1,5,3,8,2,12	20
11,1,4,3,0,12	38
1,9,6,2,12	66
11,1,5,6,3,12	31
9,7,3,10,12	46
5,9,4,0,8,2,12	18
1,3,10,0,8,12	33
11,1,5,6,0,8,12	19
11,9,7,3,10,0,2	16
11,1,9,4,3,2,12	21
9,4,0,2,12	54
11,9,7,3,10,0,8	17
11,5,9,10,8,12	27
1,9,6,3,12	64
1,9,6,3,10	56
11,4,6,0,8,2	37
9,4,10,0,2	61
6,10,0	251
11,5,7,4,6,0,12	19
6,10,2	232
9,7,6,3,0,2,12	19
1,5,4,3,0	72
9,4,10,0,8	67
1,5,4,3,2	75
6,10,8	242
11,9,4,12	118
11,1,4,8,12	70
11,1,5,9,3,0,2	27
11,9,4,10	140
1,5,4,3,8	66
1,9,6,3,10,0	28
11,7,4,6,0,2,12	18
1,9,6,3,10,2	30
1,5,6,0,8,2	39
1,9,6,3,10,8	34
1,5,7,4,3,0,12	19
11,9,7,6,8,2	40
11,7,4,3,10,8	35
11,5,7,4,3,10	36
9,4,6,0,8,2	33
5,9,4,3,0,8,12	16
11,9,7,0,8,2,12	23
11,5,7,4,2,12	37
11,5,9,10,2,12	33
11,7,4,3,10,0	34
11,7,4,3,10,2	30
1,9,7,6,10,8	33
11,1,6,10,8,2	32
7,3,0,8	115
9,7,4,3,10,0	24
1,5,4,10,0,2,12	21
5,4,0,2,12	71
11,5,3,0,8,12	35
11,1,9,7,4,8,12	19
11,9,7,3,0,8,12	18
11,5,7,4,6,2,12	18
1,7,0,8,12	59
11,5,7,4,3,12	31
5,9,7,0,12	59
7,10,0,8,2,12	26
9,7,4,3,10,2	20
9,7,4,3,10,8	25
11,9,2,12	123
1,7,4,10,0	63
7,4,6,3,0	61
1,7,4,10,2	61
7,4,6,3,2	63
1,7,4,10,8	63
1,7,6,3,8,12	28
1,5,4,6,0	69
7,4,6,3,8	71
11,1,5,9,3,0,8	21
1,5,4,6,2	74
1,5,4,6,3	70
1,5,7,4,10,12	28
11,9,4,6,10,12	25
1,5,4,6,8	71
11,9,3,10	125
11,5,7,4,6,3,10	17
1,6,3,0,8,12	39
7,3,0,2	121
11,1,3,8,2,12	32
1,5,9,8,2,12	35
11,1,5,4,3,0,12	23
11,9,3,12	124
1,5,7,10,0,12	34
1,4,3,10,0	65
1,5,4,3,10,12	28
1,4,3,10,2	68
11,5,9,7,4,8,2	17
1,5,4,3,10,2,12	19
11,9,7,6,3,0	33
11,5,3,10,0,8	40
11,9,6,3,0,2	39
1,4,3,10,8	68
11,1,9,7,4,6,12	16
11,5,3,10,0,2	43
11,9,7,6,3,2	39
11,1,9,7,4,6,10	18
11,9,7,6,3,8	38
1,7,10,0,2	61
7,4,6,0,2	64
11,9,6,3,0,8	36
1,9,4,3,0,8	40
1,6,3,10,0,8	42
1,9,6,8,12	62
4,0,2	240
1,9,4,3,0,2	45
11,1,9,3,10,8,2	16
1,7,0,2,12	67
4,0,8	234
11,9,0,12	126
1,6,3,10,0,2	37
7,3,10,0,2,12	19
1,6,3,0,2,12	44
5,7,4,3,2,12	30
11,5,6,3,10,12	28
1,5,4,0,2	75
9,7,6,3,0,8,12	16
1,5,7,3,8,2	38
7,4,6,0,8	60
11,5,3,0,2,12	45
1,7,6,3,2,12	35
1,5,4,0,8	70
11,1,6,0,8	65
1,7,10,0,8	61
1,9,7,6,10,0	28
5,4,3,10,2,12	27
1,9,7,6,10,2	30
11,5,9,7,4,6,8	16
11,1,9,0,8,2,12	25
11,1,6,0,2	68
1,5,4,3,10,0,12	18
1,5,7,10,2,12	34
6,3,10,8,2,12	28
1,6,3,10,8,2,12	17
11,1,9,3,0,8,12	23
11,5,10,0,8,2	39
11,7,6,0,12	66
11,9,7,6,0,8	37
1,6,10,0,8,2	37
5,9,7,4,3,0,8	21
5,9,7,4,3,0,2	24
9,7,6,0,8,2,12	21
5,6,10,12	109
5,7,4,3,0,12	31
11,5,4,3,8,12	34
11,5,9,3,8,2	33
4,3,0	237
4,3,2	257
6,10,0,8,2	67
4,3,8	245
9,4,10,8,2	53
11,5,7,4,0,12	41
11,5,9,10,0,12	39
5,4,3,10,0,12	31
5,9,4,3,0,2,12	20
1,5,4,10,0,8,12	19
5,4,0,8,12	61
11,5,9,3,0,8,2	20
7,10,0,12	123
4,3,10,12	106
9,4,3,10,12	46
11,7,4,6,3,10,8	18
11,1,5,7,4,0	38
11,1,5,7,4,2	39
11,1,6,3,8	74
11,7,6,2,12	65
11,1,5,7,4,3	37
1,7,10,0,2,12	29
11,1,7,4,3,10,8	18
1,9,4,6,10,0,2	17
11,1,5,7,4,6	34
11,7,4,6,3,10,0	17
11,1,6,3,2	67
11,1,5,9,3,8,2	20
11,1,5,7,4,8	34
9,7,10,0,12	63
11,1,6,3,0	69
11,1,7,4,3,10,0	18
11,5,9,7,4,3,8	20
11,1,5,9,10,2,12	19
11,5,4,3,0,12	35
11,1,7,4,3,10,2	19
11,1,5,7,4,0,12	23
5,9,0,8,2	63
1,9,4,6,10,0,8	25
5,9,7,6,10	53
11,5,9,7,4,3,0	24
9,3,10,0	116
11,5,9,7,4,3,2	19
5,9,7,6,12	49
9,3,10,2	102
11,9,7,6,0,2	39
1,0,2,12	127
1,10,0,2	119
11,1,9,3,10,12	29
1,10,0,8	128
11,9,7,6,0,8,12	21
11,1,5,7,3,0	40
11,7,6,3,12	63
11,6,3,0,12	61
11,1,5,7,3,2	41
11,1,6,10,0,8	42
11,7,6,3,10	65
5,4,10,8,2	57
5,6,3,10,0,2,12	23
11,1,5,7,3,8	33
7,3,10,2,12	36
9,3,10,8	106
11,1,9,6,3,0,2	21
11,1,5,7,4,2,12	21
1,5,4,6,3,2,12	21
9,7,4,0,2,12	32
11,5,9,7,4,6,0	18
11,5,9,7,4,6,3	16
7,10,2,12	104
9,7,10,2,12	53
11,1,4,6,0,8,2	17
11,1,6,10,0,2	37
11,1,9,6,3,0,8	24
4,6,0	239
11,5,7,6,10,12	27
11,1,9,7,6,3,8	19
4,6,2	245
1,3,10,8,2,12	27
4,6,3	261
11,1,5,4,3,0,2,12	18
4,6,8	251
1,10,0,8,2,12	33
11,1,6,0,2,12	35
11,5,4,3,2,12	38
11,9,6,10,12	52
11,1,5,9,10,0,12	21
11,6,10,0,2,12	30
5,9,7,8,12	52
11,0,12	245
11,1,5,4,3,8,12	20
11,5,3,10,0,2,12	24
9,7,4,10,0,2	30
9,4,6,8,2,12	24
7,3,8,2	116
1,7,6,3,0,12	30
1,5,9,3,10,8	24
9,7,4,10,0,8	37
11,6,3,2,12	65
5,4,0,12	118
1,9,4,6,0,2,12	18
7,3,10,0,12	53
1,5,9,3,10,0	26
1,5,9,3,10,2	24
1,4,8,2,12	66
3,10,0,2,12	59
5,9,7,3,10	54
11,1,6,8,2	63
1,7,10,8,2	58
7,4,6,8,2	50
5,4,3,12	115
1,6,3,10,0,8,12	19
6,3,10,0,8,2	34
5,4,3,10	126
1,5,4,6,3,8,12	18
4,8,2	233
9,7,4,0,8,12	32
11,1,5,7,8,2	40
6,0,8,2	131
11,1,6,0,8,12	36
11,1,12	244
5,4,6,3,8,2	38
11,1,10	272
5,9,7,2,12	60
5,4,6,10,2,12	32
11,1,8,2	125
3,10,0,8,12	55
5,7,4,6,10,0	33
11,6,10,0,8,12	32
11,1,9,8	126
11,1,9,7	147
5,7,3,10,12	49
11,1,9,7,6,0,8	20
5,4,2,12	127
1,5,4,8,2	74
5,7,4,6,10,8	28
11,5,6,3,0,8,12	19
11,1,9,7,6,0,2	17
1,5,7,10,0,8,2	20
5,7,4,6,10,2	26
11,9,7,4,8,12	31
11,1,5,3,10,0,2	23
5,4,10,8,2,12	31
11,1,5,3,10,0,8	23
11,1,9,6	137
11,2,12	241
11,1,9,4	134
11,1,9,3	141
11,1,9,2	136
11,1,5,4,3,2,12	25
11,1,9,0	152
1,6,10,0,8,2,12	18
1,5,7,3,0,8	34
11,5,6,3,10,8,2	17
11,1,5,3,0,2,12	27
11,1,6,8	121
11,9,3,10,8,2	32
9,7,3,0,2	68
5,4,10,0,8	62
1,5,7,3,0,2	46
1,9,7,10,8,12	29
9,7,3,0,8	65
11,1,5,7,6,0	37
5,4,10,0,2	64
11,1,5,7,6,2	36
11,1,5,7,6,3	36
11,5,0,2,12	78
11,1,5,7,6,8	35
11,1,6,3	128
5,4,6,10,0,12	31
11,7,6,8,12	59
11,1,6,2	124
11,3,12	239
11,5,6,0,8,2,12	18
11,1,6,0	135
11,3,10	260
11,9,0,8,2,12	36
11,5,9,3,0,8	33
11,5,10,0,8	73
11,5,9,4,3,8,2	20
11,1,7,8	127
5,9,7,4,12	56
11,1,7,6	126
5,9,7,4,10	56
11,5,9,3,0,2	44
11,9,7,10,0,8,2	23
1,0,8,12	121
7,3,10,0,8,12	19
11,9,7,4,6,12	34
1,4,10,0	135
11,5,9,4,10,0,12	18
11,5,9,7,4,0,8	21
1,5,7,6,3,0,2	24
1,4,10,2	127
11,9,7,4,6,10	32
1,5,7,6,3,0,8	19
11,1,7,3,8,12	26
11,4,3,10,0,8,2	20
11,5,10,0,2	72
11,1,7,4	132
1,4,10,8	132
11,1,7,3	129
5,9,7,3,12	59
11,1,7,2	129
11,4,12	251
11,5,9,7,4,0,2	20
11,1,7,0	133
11,4,10	282
7,6,3,10,8,2	20
11,9,10,0,8,2	36
11,1,5,9,10,0	35
7,6,0,8,2,12	32
11,1,5,7,4,8,12	17
11,1,5,9,10,2	32
7,10,8,12	105
11,1,5,9,10,8	26
11,1,7,4,8,2,12	18
11,9,7,4,3,10	29
11,9,4,0,12	57
1,9,4,3,8,2,12	21
11,0,2,12	129
11,9,7,4,3,12	32
11,5,12	248
1,5,3,2,12	71
11,5,10	268
5,9,7,3,10,2	19
1,9,4,6,0,8,12	23
11,5,3,10,0,8,12	21
1,7,3,10,8,12	16
9,7,4,10,12	55
11,10,0,8	133
5,9,7,3,10,0	29
9,8,2,12	103
7,4,10,12	112
1,9,7,4,10,12	28
1,5,9,7,4,10,8	16
5,4,6,12	116
5,9,7,3,10,8	22
11,10,0,2	128
5,4,6,10	128
11,9,3,0,8,12	31
11,6,3,10,8,12	28
1,10,8,2	113
5,10,12	236
1,5,9,4,8,2,12	19
5,7,6,0,2,12	39
11,6,3,8,12	59
11,6,12	241
11,6,10	253
11,4,6,3,0,8,2	26
11,1,5,4,0,8,2,12	16
11,7,10	274
1,7,10,0,8,12	28
11,9,4,3,8,12	31
11,9,4,2,12	54
11,1,5,9,10,8,12	16
11,1,7,10,12	71
1,9,7,0,12	65
1,9,6,0,8,2	36
11,7,12	254
7,3,10,8,12	37
1,5,3,10,0,8,2	21
1,4,10,0,2	67
9,4,6,3,10,0	27
9,4,6,3,10,2	26
5,4,8,12	117
9,4,6,3,10,8	32
11,9,7,4,2,12	29
11,9,4,3,12	63
7,6,3,0,8,12	26
10,0,8,2,12	55
11,1,9,6,3,8,2	23
11,9,4,3,10	62
9,6,0,8,2	69
11,8,12	210
1,5,4,6,3,0,12	22
1,4,0,2,12	67
11,1,5,3,0,8,12	24
5,9,4,3,8,2,12	16
11,5,4,10,8	70
11,5,4,10,2	71
11,9,12	241
11,5,4,10,0	74
11,5,7,6,3,0,12	17
11,9,10	269
11,1,5,7,0,2	41
11,5,6,10,8,2	33
1,5,4,10,8,2	36
11,4,3,0,8,2,12	21
11,1,5,7,0,8	37
11,5,0,8,12	62
11,1,5,7,4,3,12	16
11,1,5,7,4,3,10	20
11,1,4,6,10,0	43
11,1,9,7,6,8,2	19
11,1,4,6,10,2	36
1,5,7,0,8,2,12	21
11,7,4,3,0,8,2	17
11,1,5,3,10,8,2	17
11,1,5,7,4,3,0,2	17
11,1,4,6,10,8	44
1,6,3,8,2,12	40
1,9,7,10,2,12	31
11,9,7,4,0,12	38
11,1,7,3,2,12	32
5,6,10,0,8,2,12	17
11,5,3,8,2,12	34
1,9,0,12	123
3,0,12	233
1,6,3,10,0,2,12	21
5,6,0,2	149
5,7,6,10,0,2	32
11,1,5,7,4,6,12	16
11,1,5,7,4,6,10	17
11,9,3,10,0,8	37
7,6,10,0,8,2	30
1,9,4,3,10,12	24
11,5,6,3,10,0,2	17
5,6,0,8	119
11,9,3,10,0,2	34
11,1,5,0,12	71
11,1,5,9,4,10,12	17
11,5,6,3,10,0,8	20
1,9,3,10	109
5,4,6,10,8,12	32
1,9,3,12	122
11,5,9,4,3,0,8	21
1,5,9,7,0,8,12	19
5,7,6,10,0,8	25
11,9,4,6,12	53
11,5,9,4,3,0,2	23
11,9,4,6,10	65
1,5,3,0,12	70
9,7,3,8,2	64
11,5,6,3,0,2,12	24
11,9,6,3,10,12	25
6,3,8,2,12	70
9,4,3,0,8,2	41
11,1,9,4,6,10,12	16
11,5,10,8,2	63
11,1,5,0,8,2,12	23
1,9,7,10,0,12	33
1,9,7,6,0,8,2	18
11,5,6,10,0,8,2	22
11,9,3,0,2,12	35
11,7,4,0,8,2	34
1,9,2,12	120
11,1,7,3,0,12	36
1,9,7,3,8,2	31
