条件	结果	支持度	置信度
[11, 5, 9, 4, 0, 8, 12]->1	16	0.84
[11, 1, 5, 9, 4, 8, 12]->0	16	0.8
[11, 1, 3, 0, 8, 2, 12]->5	16	0.84
[11, 1, 5, 3, 8, 2, 12]->0	16	0.8
[1, 5, 9, 6, 0, 2, 12]->3	17	0.81
[1, 5, 9, 6, 3, 0, 12]->2	17	0.81
[11, 5, 7, 3, 0, 2, 12]->1	16	0.8
[11, 1, 5, 7, 3, 2, 12]->0	16	0.8
[1, 5, 9, 7, 0, 2, 12]->11	16	0.84
[11, 1, 5, 9, 7, 2, 12]->0	16	0.8
[1, 5, 9, 7, 0, 8, 12]->11	17	0.89
[11, 1, 5, 9, 7, 8, 12]->0	17	0.81
[5, 9, 4, 10, 2, 12]->1	18	0.82
[1, 5, 9, 7, 3, 0, 12]->11	16	0.8
[11, 1, 5, 9, 7, 3, 12]->0	16	0.89
[5, 9, 3, 0, 8, 2, 12]->1	18	0.82
[1, 5, 9, 3, 0, 8, 12]->2	18	0.82
[1, 5, 4, 3, 0, 8, 12]->2	18	0.82
[11, 5, 4, 3, 0, 8, 12]->2	16	0.84
[9, 4, 3, 0, 8, 2, 12]->1	16	0.89
[11, 1, 7, 0, 8, 2, 12]->9	16	0.8
[11, 1, 9, 7, 8, 2, 12]->0	16	0.89
[11, 9, 4, 0, 8, 12]->1	25	0.83
[1, 5, 9, 7, 0, 12]->11	25	0.81
[11, 4, 6, 3, 10, 0, 8]->1	16	0.8
[11, 5, 9, 0, 8, 2, 12]->1	17	0.81
[11, 1, 5, 9, 8, 2, 12]->0	17	0.89
[5, 9, 4, 3, 0, 2, 12]->1	16	0.8
[1, 5, 9, 4, 3, 0, 12]->2	16	0.8
[11, 5, 9, 3, 0, 8, 12]->1	16	0.84
[11, 1, 5, 9, 3, 8, 12]->0	16	0.84
[1, 5, 9, 7, 0, 8, 2]->11	16	0.89
[9, 4, 0, 8, 2, 12]->1	24	0.8
[9, 6, 3, 0, 8, 2, 12]->1	16	0.8
[1, 5, 9, 4, 3, 8, 2]->0	17	0.81
[1, 5, 9, 4, 3, 0, 8]->2	17	0.85
[11, 1, 5, 3, 8, 2, 12]->4	16	0.8
[11, 1, 5, 4, 3, 8, 12]->2	16	0.8
